tfidf Evaluation 
LinearSVM Classification report: 
              precision    recall  f1-score   support

           0       0.89      0.80      0.84        71
           1       0.00      0.00      0.00         5
           2       1.00      0.50      0.67         4
           3       1.00      0.15      0.27        13
           4       0.00      0.00      0.00         2
           5       0.00      0.00      0.00         1
           6       0.00      0.00      0.00         3
           7       1.00      0.50      0.67         2
           8       0.50      0.25      0.33         8
           9       0.00      0.00      0.00         2
          10       1.00      0.25      0.40         4
          11       0.00      0.00      0.00         1
          12       1.00      1.00      1.00         1
          13       1.00      0.70      0.82        10
          14       0.00      0.00      0.00         2
          15       0.00      0.00      0.00         1
          16       0.00      0.00      0.00         1
          17       0.00      0.00      0.00         3
          18       0.00      0.00      0.00         2
          19       0.32      0.27      0.29        26
          20       1.00      0.50      0.67         2
          21       0.67      0.40      0.50         5
          22       1.00      0.60      0.75        10
          23       0.00      0.00      0.00         2
          24       0.20      0.04      0.07        24
          25       0.00      0.00      0.00         2
          26       0.67      0.22      0.33         9
          27       0.00      0.00      0.00         1
          28       0.00      0.00      0.00         2
          29       0.00      0.00      0.00         3
          30       0.00      0.00      0.00         2
          31       1.00      0.16      0.28        25
          32       1.00      0.22      0.36         9
          33       0.00      0.00      0.00        10
          34       0.00      0.00      0.00         1
          35       0.00      0.00      0.00         2
          36       0.00      0.00      0.00         2
          37       0.00      0.00      0.00         1
          38       0.50      0.33      0.40         3
          39       0.00      0.00      0.00         2
          40       1.00      0.08      0.15        12
          41       0.00      0.00      0.00         1
          42       0.00      0.00      0.00         1
          43       0.00      0.00      0.00        12
          44       0.00      0.00      0.00         2
          45       0.00      0.00      0.00         5
          46       0.70      0.27      0.39        26
          47       0.86      0.38      0.52        16
          48       0.35      0.42      0.39       469
          49       0.50      0.25      0.33         4
          50       0.00      0.00      0.00         2
          51       0.00      0.00      0.00         2
          52       0.00      0.00      0.00         1
          53       0.00      0.00      0.00         1
          54       0.00      0.00      0.00         1
          55       0.00      0.00      0.00         1
          56       1.00      0.50      0.67        10
          57       0.93      0.41      0.57        32
          58       0.30      0.20      0.24        30
          59       0.00      0.00      0.00         8
          60       1.00      0.56      0.71         9
          61       0.00      0.00      0.00         1
          62       0.60      0.25      0.35        12
          63       0.00      0.00      0.00         1
          64       0.00      0.00      0.00         6
          65       0.50      0.12      0.20         8
          66       1.00      0.75      0.86         4
          67       0.00      0.00      0.00         7
          68       0.50      0.08      0.13        13
          69       0.00      0.00      0.00         2
          70       0.00      0.00      0.00         1
          71       1.00      0.33      0.50         3
          72       1.00      0.18      0.31        11
          73       1.00      0.50      0.67         2
          74       0.00      0.00      0.00         1
          75       0.50      0.07      0.12        28
          76       0.00      0.00      0.00        12
          77       1.00      0.20      0.33         5
          78       1.00      0.60      0.75         5
          79       0.00      0.00      0.00         1
          80       0.67      0.11      0.19        18
          81       0.44      0.22      0.30        18
          82       0.00      0.00      0.00         0
          83       1.00      1.00      1.00         1
          84       0.00      0.00      0.00         5
          85       1.00      0.33      0.50         9
          86       0.00      0.00      0.00         3
          87       0.00      0.00      0.00         2
          88       0.00      0.00      0.00         1
          89       0.00      0.00      0.00         1
          90       1.00      0.25      0.40         4
          91       0.00      0.00      0.00         1
          92       0.00      0.00      0.00         8
          93       0.00      0.00      0.00         1
          94       0.00      0.00      0.00         2
          95       1.00      0.50      0.67         4
          96       0.00      0.00      0.00         3
          97       0.00      0.00      0.00         1
          98       0.00      0.00      0.00         3
          99       1.00      0.25      0.40         4
         100       0.00      0.00      0.00         2
         101       0.00      0.00      0.00         0
         102       1.00      0.17      0.29         6
         103       0.00      0.00      0.00         1
         104       1.00      0.50      0.67         2
         105       0.00      0.00      0.00         2
         106       0.00      0.00      0.00         1
         107       0.00      0.00      0.00         2
         108       0.00      0.00      0.00         4
         109       0.67      0.18      0.29        11
         110       0.00      0.00      0.00         1
         111       0.75      0.23      0.35        13
         112       0.62      0.62      0.62        16
         113       0.67      0.71      0.69      2887
         114       0.00      0.00      0.00         1
         115       1.00      0.50      0.67         2
         116       0.00      0.00      0.00         1
         117       0.00      0.00      0.00         1
         118       0.00      0.00      0.00         3
         119       0.00      0.00      0.00         1
         120       0.67      0.33      0.44         6
         121       0.75      0.19      0.30        16
         122       0.00      0.00      0.00         2
         123       0.50      0.17      0.25         6
         124       0.75      0.75      0.75         4
         125       0.00      0.00      0.00         1
         126       0.00      0.00      0.00         1
         127       0.00      0.00      0.00         1
         128       1.00      0.09      0.17        11
         129       0.67      0.29      0.40         7
         130       0.00      0.00      0.00         4
         131       0.00      0.00      0.00         2
         132       0.00      0.00      0.00         1
         133       1.00      0.25      0.40         4
         134       0.00      0.00      0.00        14
         135       0.99      0.77      0.86       112
         136       0.00      0.00      0.00         4
         137       0.00      0.00      0.00         2
         138       1.00      0.47      0.64        15
         139       0.00      0.00      0.00         1
         140       1.00      1.00      1.00         1
         141       0.00      0.00      0.00         1
         142       0.75      0.75      0.75         4
         143       0.00      0.00      0.00         3
         144       1.00      0.62      0.77         8
         145       0.00      0.00      0.00         2
         146       0.50      0.56      0.53       466
         147       0.00      0.00      0.00         3
         148       0.00      0.00      0.00         7
         149       0.56      0.44      0.49        64
         150       1.00      0.20      0.33         5
         151       1.00      0.24      0.38        17
         152       0.00      0.00      0.00         3
         153       0.50      0.12      0.20        16
         154       0.00      0.00      0.00         6
         155       0.00      0.00      0.00         2
         156       0.00      0.00      0.00         1
         157       1.00      0.25      0.40         4
         158       0.00      0.00      0.00        13
         159       0.00      0.00      0.00         9
         160       0.55      0.34      0.42        47
         161       0.00      0.00      0.00         8
         162       0.00      0.00      0.00         1
         163       0.45      0.28      0.35        32
         164       0.00      0.00      0.00         1
         165       0.29      0.14      0.19        14
         166       1.00      0.25      0.40         4
         167       0.00      0.00      0.00         1
         168       0.00      0.00      0.00         1
         169       0.00      0.00      0.00         1
         170       0.00      0.00      0.00         5
         171       0.00      0.00      0.00         1
         172       0.00      0.00      0.00         5
         173       0.00      0.00      0.00         7
         174       0.00      0.00      0.00         1
         175       0.55      0.36      0.43        76
         176       0.00      0.00      0.00         2
         177       0.33      0.09      0.14        11
         178       0.53      0.32      0.40        28
         179       0.67      0.12      0.21        16
         180       0.33      0.17      0.22        12
         181       0.00      0.00      0.00         3
         182       0.00      0.00      0.00         7
         183       0.00      0.00      0.00         1
         184       0.00      0.00      0.00         3
         185       0.00      0.00      0.00         2
         186       0.00      0.00      0.00         5
         187       0.56      0.56      0.56       912
         188       0.37      0.39      0.38       260
         189       0.00      0.00      0.00         1
         190       1.00      0.20      0.33         5
         191       0.00      0.00      0.00         1
         192       1.00      0.25      0.40         4
         193       0.00      0.00      0.00         2
         194       0.50      0.67      0.57         3
         195       0.00      0.00      0.00         2
         196       0.00      0.00      0.00         1
         197       0.00      0.00      0.00         1
         198       0.00      0.00      0.00         1
         199       0.00      0.00      0.00         1
         200       0.89      0.36      0.52        22
         201       0.00      0.00      0.00         2
         202       1.00      0.62      0.77         8
         203       1.00      1.00      1.00         2
         204       1.00      0.34      0.51        29
         205       0.00      0.00      0.00         1
         206       0.00      0.00      0.00         1
         207       0.80      0.44      0.57         9
         208       1.00      0.50      0.67         2
         209       0.50      1.00      0.67         1
         210       1.00      0.50      0.67         4
         211       0.00      0.00      0.00         4
         212       0.00      0.00      0.00         1
         213       0.00      0.00      0.00         1
         214       0.00      0.00      0.00         1
         215       0.00      0.00      0.00         5
         216       0.00      0.00      0.00         1
         217       0.00      0.00      0.00         2
         218       0.00      0.00      0.00         1
         219       1.00      1.00      1.00         1
         220       0.00      0.00      0.00         1
         221       0.00      0.00      0.00         1
         222       0.00      0.00      0.00         1
         223       1.00      0.50      0.67         2
         224       0.00      0.00      0.00         4
         225       0.33      0.17      0.22         6
         226       0.36      0.22      0.28        67
         227       0.00      0.00      0.00         2
         228       0.00      0.00      0.00         1
         229       0.00      0.00      0.00         0
         230       0.00      0.00      0.00         2
         231       1.00      0.50      0.67         2
         232       0.00      0.00      0.00         1
         233       0.79      0.41      0.54        54
         234       0.00      0.00      0.00         1
         235       0.00      0.00      0.00         7
         236       0.00      0.00      0.00         2
         237       0.00      0.00      0.00         3
         238       0.00      0.00      0.00         2
         239       0.00      0.00      0.00         5
         240       0.00      0.00      0.00         1
         241       1.00      0.20      0.33         5
         242       0.00      0.00      0.00         1
         243       0.00      0.00      0.00         1
         244       0.00      0.00      0.00         1
         245       1.00      1.00      1.00         1
         246       1.00      1.00      1.00         1
         247       0.00      0.00      0.00         7
         248       0.00      0.00      0.00         6
         249       0.00      0.00      0.00         0
         250       1.00      0.50      0.67         2
         251       0.00      0.00      0.00         1
         252       0.00      0.00      0.00         1
         253       1.00      0.50      0.67         4
         254       0.00      0.00      0.00         3
         255       0.00      0.00      0.00         1
         256       0.00      0.00      0.00         1
         257       0.00      0.00      0.00         0
         258       0.00      0.00      0.00         1
         259       0.80      0.50      0.62         8
         260       1.00      0.17      0.29         6
         261       0.00      0.00      0.00         1
         262       0.50      0.25      0.33         8
         263       0.00      0.00      0.00         1
         264       0.00      0.00      0.00         3
         265       0.00      0.00      0.00         1
         266       0.00      0.00      0.00         2
         267       1.00      0.20      0.33         5
         268       0.00      0.00      0.00         3
         269       0.00      0.00      0.00         1
         270       0.00      0.00      0.00         2
         271       1.00      0.48      0.65        21
         272       0.00      0.00      0.00         1
         273       0.00      0.00      0.00        11
         274       1.00      0.05      0.10        19
         275       1.00      0.50      0.67         2
         276       0.00      0.00      0.00         1
         277       0.50      0.14      0.21        22
         278       0.00      0.00      0.00        15
         279       1.00      0.33      0.50         3
         280       0.00      0.00      0.00         2
         281       0.00      0.00      0.00         5
         282       0.00      0.00      0.00         1
         283       0.00      0.00      0.00         3
         284       0.00      0.00      0.00         1
         285       0.00      0.00      0.00         3
         286       0.00      0.00      0.00         1
         287       0.00      0.00      0.00         1
         288       1.00      0.14      0.25         7
         289       0.00      0.00      0.00         4
         290       0.00      0.00      0.00         1
         291       0.00      0.00      0.00         0
         292       1.00      0.14      0.25         7
         293       0.00      0.00      0.00         1
         294       0.00      0.00      0.00         1
         295       0.50      0.25      0.33         4
         296       0.00      0.00      0.00         8
         297       0.00      0.00      0.00         1
         298       0.00      0.00      0.00         1
         299       0.92      0.58      0.71        19
         300       0.00      0.00      0.00         2
         301       0.00      0.00      0.00        11
         302       0.00      0.00      0.00         8
         303       0.89      0.75      0.81        83
         304       0.00      0.00      0.00         1
         305       0.00      0.00      0.00         1
         306       0.00      0.00      0.00         2
         307       0.00      0.00      0.00         5
         308       1.00      0.75      0.86         4
         309       0.00      0.00      0.00         1
         310       0.55      0.30      0.39        20
         311       0.00      0.00      0.00         2
         312       0.00      0.00      0.00         1
         313       1.00      1.00      1.00         1
         314       0.83      0.44      0.58        43
         315       0.86      0.69      0.77       119
         316       0.33      0.17      0.23        80
         317       1.00      0.50      0.67         2
         318       0.00      0.00      0.00         1
         319       0.00      0.00      0.00        21
         320       0.00      0.00      0.00         3
         321       1.00      0.43      0.60         7
         322       1.00      1.00      1.00         1
         323       0.00      0.00      0.00         6
         324       0.00      0.00      0.00         1
         325       0.00      0.00      0.00         2
         326       0.88      0.39      0.54        18
         327       0.73      0.57      0.64        53
         328       0.00      0.00      0.00         2
         329       0.00      0.00      0.00         2
         330       0.50      0.33      0.40         3
         331       0.00      0.00      0.00         7
         332       0.00      0.00      0.00         4
         333       0.00      0.00      0.00         1
         334       1.00      0.17      0.29        12
         335       1.00      0.50      0.67         2
         336       1.00      0.50      0.67         2
         337       0.67      0.12      0.21        16
         338       1.00      0.15      0.27        13
         339       0.00      0.00      0.00         1
         340       0.00      0.00      0.00         1
         341       0.00      0.00      0.00         1
         342       0.00      0.00      0.00         3
         343       0.00      0.00      0.00         0
         344       1.00      0.25      0.40         4
         345       0.00      0.00      0.00         1
         346       0.88      0.39      0.54        18
         347       0.50      0.20      0.29         5
         348       0.00      0.00      0.00         1
         349       0.00      0.00      0.00         3
         350       0.17      0.17      0.17        72
         351       0.78      0.39      0.52        18
         352       0.00      0.00      0.00         1
         353       1.00      0.33      0.50         3
         354       0.00      0.00      0.00         1
         355       0.00      0.00      0.00         3
         356       0.00      0.00      0.00         1
         357       0.00      0.00      0.00         1
         358       0.00      0.00      0.00         1
         359       0.43      0.31      0.36        78
         360       0.00      0.00      0.00         3
         361       0.00      0.00      0.00         2
         362       1.00      0.17      0.29         6
         363       1.00      0.25      0.40         4
         364       0.00      0.00      0.00         1
         365       1.00      0.50      0.67         2
         366       0.00      0.00      0.00         1
         367       0.06      0.03      0.04        34
         368       0.00      0.00      0.00         1
         369       1.00      1.00      1.00         1
         370       1.00      1.00      1.00         1
         371       0.50      0.05      0.09        20
         372       0.00      0.00      0.00         1
         373       0.50      0.11      0.18         9
         374       1.00      0.50      0.67        22
         375       0.00      0.00      0.00         1
         376       0.60      0.14      0.23        21
         377       0.00      0.00      0.00         1
         378       1.00      0.33      0.50         3
         379       0.00      0.00      0.00         3
         380       0.00      0.00      0.00         1
         381       0.00      0.00      0.00         1
         382       0.33      0.10      0.15        42
         383       1.00      0.20      0.33         5
         384       0.00      0.00      0.00         1
         385       1.00      0.33      0.50         3
         386       0.61      0.22      0.33        63
         387       0.00      0.00      0.00         1
         388       0.00      0.00      0.00         1
         389       0.33      1.00      0.50         1
         390       1.00      0.25      0.40         8
         391       1.00      0.11      0.20         9
         392       0.00      0.00      0.00         1
         393       0.00      0.00      0.00         1
         394       0.50      0.20      0.29         5
         395       0.00      0.00      0.00         4
         396       0.00      0.00      0.00         3
         397       0.00      0.00      0.00         2
         398       0.00      0.00      0.00         1
         399       0.84      0.52      0.65        61
         400       1.00      1.00      1.00         1
         401       1.00      1.00      1.00         2
         402       0.75      0.39      0.51        23
         403       0.50      0.23      0.31        48
         404       0.00      0.00      0.00         2
         405       0.00      0.00      0.00        13
         406       0.00      0.00      0.00         4
         407       0.00      0.00      0.00         1
         408       0.00      0.00      0.00         1
         409       1.00      0.20      0.33        10
         410       0.00      0.00      0.00         1
         411       0.75      0.15      0.25        20
         412       0.00      0.00      0.00         1
         413       0.00      0.00      0.00         1
         414       1.00      0.40      0.57        10
         415       1.00      0.06      0.11        17
         416       0.00      0.00      0.00         2
         417       0.00      0.00      0.00         1
         418       0.50      0.33      0.40         3
         419       0.36      0.17      0.23        30
         420       0.00      0.00      0.00         1
         421       1.00      0.50      0.67         4
         422       0.88      0.32      0.47        22
         423       0.60      0.75      0.67         4
         424       0.00      0.00      0.00         3
         425       0.00      0.00      0.00         1
         426       1.00      1.00      1.00         1
         427       1.00      0.33      0.50         3
         428       0.00      0.00      0.00         1
         429       0.79      0.47      0.59        81
         430       0.00      0.00      0.00         1
         431       0.75      0.75      0.75         4
         432       1.00      0.17      0.29         6
         433       0.93      0.79      0.85        33
         434       0.71      0.20      0.31        25
         435       1.00      0.17      0.29        12
         436       1.00      0.20      0.33        15
         437       0.00      0.00      0.00         2
         438       0.95      0.92      0.93       190
         439       0.00      0.00      0.00         0
         440       0.38      0.17      0.23        78
         441       0.00      0.00      0.00         1
         442       1.00      1.00      1.00         1
         443       0.00      0.00      0.00         1
         444       0.00      0.00      0.00         2
         445       1.00      0.25      0.40         4
         446       0.49      0.33      0.40        78
         447       0.80      0.20      0.32        20
         448       0.00      0.00      0.00         1
         449       1.00      0.80      0.89         5
         450       0.86      0.55      0.67        58
         451       0.69      0.37      0.48        83
         452       0.00      0.00      0.00         1
         453       0.00      0.00      0.00         2
         454       0.86      0.59      0.70        41
         455       0.00      0.00      0.00         1
         456       1.00      0.29      0.44         7
         457       0.50      0.50      0.50         2
         458       0.00      0.00      0.00         4
         459       0.80      0.29      0.42        14
         460       0.00      0.00      0.00         2
         461       0.45      0.12      0.20        40
         462       0.00      0.00      0.00         1
         463       0.26      0.24      0.25        83
         464       0.00      0.00      0.00         5
         465       1.00      0.75      0.86         4
         466       0.67      0.18      0.29        11
         467       0.00      0.00      0.00         1
         468       0.00      0.00      0.00        11
         469       0.00      0.00      0.00         1
         470       0.00      0.00      0.00         1
         471       0.80      0.36      0.50        11
         472       0.63      0.34      0.44        35
         473       1.00      0.33      0.50         9
         474       0.56      0.58      0.57        38
         475       0.00      0.00      0.00         7
         476       1.00      0.71      0.83         7
         477       0.00      0.00      0.00         1
         478       1.00      0.33      0.50         3
         479       0.00      0.00      0.00         2
         480       0.00      0.00      0.00         1
         481       0.86      0.47      0.61        40
         482       0.00      0.00      0.00         1
         483       0.12      0.05      0.07        73
         484       0.00      0.00      0.00         1
         485       1.00      0.65      0.79        17
         486       0.38      0.19      0.25        80
         487       0.58      0.54      0.56        26
         488       0.00      0.00      0.00         1
         489       1.00      1.00      1.00         1
         490       0.92      0.55      0.69        22
         491       0.50      0.25      0.33         4
         492       0.00      0.00      0.00         1
         493       0.78      0.47      0.58        15
         494       1.00      0.09      0.17        11
         495       0.00      0.00      0.00        11
         496       0.00      0.00      0.00         6
         497       0.50      0.14      0.21        22
         498       1.00      1.00      1.00         1
         499       0.00      0.00      0.00         2
         500       0.61      0.49      0.54       111
         501       0.92      0.49      0.64        45
         502       1.00      0.80      0.89         5
         503       0.57      0.20      0.30        20
         504       0.00      0.00      0.00         8
         505       0.52      0.18      0.27        66
         506       1.00      0.20      0.33         5
         507       0.00      0.00      0.00         8
         508       0.67      0.24      0.35        25
         509       0.74      0.46      0.57       111
         510       1.00      0.33      0.50        12
         511       0.00      0.00      0.00         1
         512       0.67      0.24      0.35        17
         513       0.00      0.00      0.00         1
         514       0.67      0.40      0.50        10
         515       0.77      0.93      0.84        29
         516       0.60      0.36      0.45        74
         517       0.00      0.00      0.00        19
         518       0.00      0.00      0.00         1
         519       0.00      0.00      0.00         1
         520       0.00      0.00      0.00         2
         521       0.00      0.00      0.00         3
         522       0.00      0.00      0.00         1
         523       0.00      0.00      0.00         3
         524       0.00      0.00      0.00         8
         525       0.65      0.42      0.51        89
         526       0.00      0.00      0.00         3
         527       0.80      0.59      0.68        90
         528       0.00      0.00      0.00         1
         529       0.00      0.00      0.00         2
         530       0.00      0.00      0.00         1
         531       0.50      0.15      0.24        13
         532       1.00      0.30      0.46        10
         533       0.61      0.48      0.54        77
         534       0.00      0.00      0.00         1
         535       0.00      0.00      0.00         1
         536       0.00      0.00      0.00         7
         537       1.00      0.06      0.12        16
         538       1.00      0.11      0.20         9
         539       0.00      0.00      0.00         2
         540       1.00      1.00      1.00         1
         541       0.54      0.31      0.39        81
         542       0.49      0.33      0.40        78
         543       0.52      0.19      0.28        79
         544       0.50      0.04      0.07        27
         545       0.50      1.00      0.67         1
         546       0.71      0.43      0.53        47
         547       0.00      0.00      0.00         1
         548       1.00      0.67      0.80         3
         549       0.92      0.55      0.69        22
         550       0.00      0.00      0.00         1
         551       1.00      0.26      0.41        27
         552       0.00      0.00      0.00         2
         553       1.00      0.20      0.33         5
         554       0.00      0.00      0.00         6
         555       1.00      0.50      0.67         2
         556       0.00      0.00      0.00         1
         557       0.60      0.25      0.35        12
         558       0.92      0.91      0.92        54
         559       0.25      0.22      0.24        99
         560       0.73      0.46      0.56        24
         561       0.00      0.00      0.00         1
         562       0.00      0.00      0.00         2
         563       0.26      0.24      0.25        83
         564       0.00      0.00      0.00         2
         565       0.50      0.14      0.22        42
         566       1.00      0.17      0.29         6
         567       1.00      0.40      0.57         5
         568       0.00      0.00      0.00         1
         569       0.25      0.33      0.29         3
         570       0.00      0.00      0.00         3
         571       0.00      0.00      0.00         1
         572       0.00      0.00      0.00         1
         573       0.92      0.70      0.80       118
         574       0.92      0.82      0.87       108
         575       1.00      0.33      0.50         3
         576       0.88      0.83      0.86        90
         577       1.00      0.55      0.71        11
         578       1.00      0.60      0.75         5
         579       0.00      0.00      0.00         3
         580       0.00      0.00      0.00         6
         581       0.81      0.74      0.77        23
         582       0.00      0.00      0.00         1
         583       0.50      0.20      0.29         5
         584       1.00      0.25      0.40         4
         585       0.00      0.00      0.00         3
         586       0.63      0.54      0.58        81
         587       0.00      0.00      0.00         1
         588       0.00      0.00      0.00         3
         589       0.00      0.00      0.00         1
         590       0.00      0.00      0.00         2
         591       0.00      0.00      0.00         1
         592       0.00      0.00      0.00         1
         593       0.63      0.46      0.53        63
         594       0.42      0.49      0.45       694
         595       0.62      0.54      0.58       303
         596       0.27      0.28      0.27       100
         597       0.00      0.00      0.00         1
         598       1.00      0.31      0.47        13
         599       1.00      1.00      1.00         1
         600       0.00      0.00      0.00         1
         601       1.00      0.25      0.40        12
         602       0.60      0.35      0.44        88
         603       0.00      0.00      0.00         2
         604       0.50      0.14      0.22         7
         605       1.00      0.20      0.33         5
         606       1.00      0.33      0.50         3
         607       0.32      0.14      0.19        44
         608       0.00      0.00      0.00         2
         609       0.91      0.44      0.59        48
         610       0.00      0.00      0.00         1
         611       0.67      0.22      0.33         9
         612       1.00      1.00      1.00         1
         613       0.79      0.18      0.29        61
         614       0.75      0.25      0.38        12
         615       0.39      0.18      0.24        74
         616       0.00      0.00      0.00         2
         617       0.40      0.08      0.14        24
         618       0.00      0.00      0.00         1
         619       1.00      0.50      0.67         2
         620       0.00      0.00      0.00         1
         621       0.00      0.00      0.00         1
         622       1.00      0.33      0.50         3
         623       0.00      0.00      0.00         2
         624       0.55      0.35      0.43        65
         625       1.00      0.10      0.18        10
         626       0.00      0.00      0.00         2
         627       0.51      0.37      0.43       146
         628       0.63      0.32      0.43        68
         629       1.00      0.20      0.33         5
         630       0.00      0.00      0.00         1
         631       0.00      0.00      0.00         2
         632       0.52      0.35      0.42        78
         633       0.62      0.36      0.45        59
         634       1.00      0.06      0.11        17
         635       0.48      0.45      0.47       196
         636       0.67      0.17      0.27        12
         637       0.53      0.23      0.32        35
         638       0.00      0.00      0.00         2
         639       0.00      0.00      0.00         3
         640       0.50      0.14      0.22         7
         641       0.00      0.00      0.00         1
         642       0.00      0.00      0.00         1
         643       0.00      0.00      0.00        12
         644       0.77      0.34      0.48        29
         645       0.00      0.00      0.00         1
         646       0.00      0.00      0.00         4
         647       0.39      0.37      0.38       221
         648       0.00      0.00      0.00         1
         649       0.86      0.29      0.43        21
         650       1.00      0.25      0.40         4
         651       1.00      0.17      0.29         6
         652       0.00      0.00      0.00         1
         653       0.00      0.00      0.00         3
         654       1.00      0.25      0.40         4
         655       0.38      0.25      0.30        24
         656       0.00      0.00      0.00         6
         657       0.50      1.00      0.67         1
         658       0.00      0.00      0.00         1
         659       0.00      0.00      0.00         6
         660       0.83      0.39      0.53        49
         661       0.83      0.42      0.56        36
         662       0.54      0.54      0.54       364
         663       1.00      0.27      0.42        15
         664       0.00      0.00      0.00         1
         665       0.20      0.08      0.12        12
         666       0.00      0.00      0.00         1
         667       0.00      0.00      0.00         1
         668       0.27      0.21      0.24        19
         669       0.72      0.46      0.57        28
         670       0.90      0.53      0.67        17
         671       0.78      0.19      0.30        37
         672       0.00      0.00      0.00         1
         673       0.00      0.00      0.00         1
         674       0.58      0.51      0.54       269
         675       1.00      0.20      0.33         5
         676       0.00      0.00      0.00         1
         677       0.19      0.07      0.10        45
         678       0.00      0.00      0.00         4
         679       0.00      0.00      0.00         1
         680       0.00      0.00      0.00         2
         681       0.49      0.47      0.48       138
         682       0.00      0.00      0.00         1
         683       0.67      0.33      0.44        61
         684       0.35      0.21      0.26        67
         685       0.00      0.00      0.00         3
         686       0.34      0.17      0.22        66
         687       0.00      0.00      0.00         2
         688       1.00      0.38      0.55        16
         689       0.00      0.00      0.00         1
         690       1.00      0.25      0.40         4
         691       0.31      0.11      0.17        79
         692       1.00      1.00      1.00         1
         693       0.00      0.00      0.00         1
         694       1.00      0.50      0.67         8
         695       0.75      0.15      0.25        20
         696       1.00      0.20      0.33         5
         697       0.00      0.00      0.00         9
         698       0.57      0.41      0.48       104
         699       0.00      0.00      0.00         1
         700       0.00      0.00      0.00         3
         701       1.00      0.38      0.55         8
         702       0.00      0.00      0.00         4
         703       0.00      0.00      0.00         2
         704       0.47      0.13      0.21        52
         705       0.00      0.00      0.00         7
         706       0.00      0.00      0.00         1
         707       0.87      0.70      0.77        69
         708       0.00      0.00      0.00         1
         709       0.70      0.42      0.53        66
         710       0.00      0.00      0.00         3
         711       0.00      0.00      0.00        15
         712       0.56      0.62      0.59       491
         713       1.00      0.50      0.67         6
         714       0.50      0.12      0.20         8
         715       0.83      0.56      0.67        18
         716       0.00      0.00      0.00         1
         717       0.00      0.00      0.00         8
         718       0.00      0.00      0.00         1
         719       0.87      0.36      0.51        36
         720       0.00      0.00      0.00         7
         721       0.00      0.00      0.00         1
         722       0.00      0.00      0.00         1
         723       0.83      0.31      0.45        16
         724       0.00      0.00      0.00         2
         725       0.61      0.37      0.46        84
         726       1.00      0.60      0.75        15
         727       0.00      0.00      0.00         1
         728       0.00      0.00      0.00         2
         729       1.00      1.00      1.00         2
         730       0.32      0.38      0.35       340
         731       1.00      0.11      0.20         9
         732       1.00      0.33      0.50         3
         733       0.56      0.38      0.45        13
         734       0.00      0.00      0.00         5
         735       1.00      0.12      0.22         8
         736       1.00      0.20      0.33         5
         737       1.00      0.33      0.50        12
         738       0.80      0.53      0.64       100
         739       1.00      1.00      1.00         1
         740       0.67      0.25      0.36         8
         741       0.31      0.28      0.30       135
         742       0.00      0.00      0.00         4
         743       0.00      0.00      0.00         2
         744       0.00      0.00      0.00         2
         745       1.00      0.17      0.29        18
         746       0.99      0.76      0.86       105
         747       0.00      0.00      0.00         3
         748       1.00      0.30      0.47        23
         749       0.58      0.32      0.42        34
         750       0.00      0.00      0.00         1
         751       0.00      0.00      0.00         1
         752       0.34      0.21      0.26        86
         753       0.21      0.19      0.20        47
         754       0.75      0.23      0.35        13
         755       1.00      0.38      0.55         8
         756       0.56      0.33      0.42        30
         757       0.00      0.00      0.00         2
         758       0.20      0.08      0.11        13
         759       0.25      0.17      0.20         6
         760       0.00      0.00      0.00         1
         761       0.75      0.43      0.55         7
         762       0.00      0.00      0.00         1
         763       0.00      0.00      0.00         1
         764       0.00      0.00      0.00         1
         765       0.00      0.00      0.00         1
         766       0.61      0.46      0.52        59
         767       0.67      0.48      0.56        58
         768       0.00      0.00      0.00         1
         769       1.00      0.50      0.67         2
         770       0.00      0.00      0.00         2
         771       0.80      0.48      0.60        50
         772       0.39      0.32      0.35       133
         773       0.00      0.00      0.00         1
         774       0.00      0.00      0.00         1
         775       0.43      0.13      0.20        23
         776       0.00      0.00      0.00         4
         777       0.00      0.00      0.00         1
         778       0.00      0.00      0.00         2
         779       0.00      0.00      0.00         8
         780       0.40      0.12      0.19        16
         781       0.00      0.00      0.00         3
         782       0.00      0.00      0.00         3
         783       0.33      0.14      0.20         7
         784       0.00      0.00      0.00         2
         785       0.00      0.00      0.00         3
         786       0.50      0.05      0.09        21
         787       0.94      0.52      0.67        31
         788       0.00      0.00      0.00         3
         789       0.33      0.11      0.16        19
         790       0.53      0.35      0.42        23
         791       0.00      0.00      0.00         1
         792       0.00      0.00      0.00         1
         793       1.00      1.00      1.00         1
         794       0.26      0.24      0.25        21
         795       0.86      0.29      0.43        21
         796       0.00      0.00      0.00         1
         797       1.00      1.00      1.00         2
         798       0.00      0.00      0.00         2
         799       1.00      1.00      1.00         1
         800       0.00      0.00      0.00         1
         801       0.00      0.00      0.00         1
         802       0.40      0.25      0.31         8
         803       0.00      0.00      0.00        11
         804       0.78      0.64      0.70        22
         805       0.67      0.38      0.48        16
         806       0.00      0.00      0.00         1
         807       0.00      0.00      0.00         1
         808       1.00      0.20      0.33         5
         809       0.00      0.00      0.00         2
         810       0.00      0.00      0.00         2
         811       0.00      0.00      0.00         1
         812       0.67      0.36      0.47        11
         813       0.48      0.46      0.47       258
         814       0.50      0.07      0.12        14
         815       0.00      0.00      0.00         1
         816       0.00      0.00      0.00         4
         817       0.00      0.00      0.00         1
         818       0.00      0.00      0.00         4
         819       1.00      0.46      0.63        13
         820       0.00      0.00      0.00         1
         821       1.00      0.33      0.50         3
         822       0.50      0.15      0.23        20
         823       0.00      0.00      0.00         1
         824       0.00      0.00      0.00         2
         825       0.60      0.20      0.30        15
         826       0.74      0.57      0.64        93
         827       0.54      0.19      0.28        37
         828       0.00      0.00      0.00         1
         829       0.00      0.00      0.00         2
         830       1.00      0.33      0.50         3
         831       1.00      0.17      0.29         6
         832       1.00      0.11      0.20         9
         833       0.41      0.20      0.27        76
         834       0.00      0.00      0.00         1
         835       0.00      0.00      0.00         3
         836       0.50      0.08      0.13        13
         837       0.21      0.13      0.16        38
         838       0.29      0.22      0.25        63
         839       0.40      0.15      0.22        13
         840       1.00      0.25      0.40         4
         841       1.00      0.22      0.36        18
         842       0.56      0.33      0.42        15
         843       1.00      0.18      0.30        17
         844       0.00      0.00      0.00         1
         845       0.00      0.00      0.00         2
         846       0.00      0.00      0.00         4
         847       0.75      0.32      0.44        19
         848       0.00      0.00      0.00         1
         849       1.00      1.00      1.00         1
         850       0.00      0.00      0.00         1
         851       0.50      0.33      0.40         3
         852       1.00      0.08      0.15        12
         853       0.24      0.14      0.17        29
         854       1.00      1.00      1.00         1
         855       0.60      0.50      0.55         6
         856       0.46      0.20      0.28        30
         857       0.77      0.61      0.68        80
         858       0.60      0.21      0.32        14
         859       0.92      0.38      0.53        32
         860       0.44      0.34      0.39        35
         861       0.00      0.00      0.00         2
         862       0.00      0.00      0.00         2
         863       0.61      0.40      0.49       102
         864       0.59      0.43      0.50        77
         865       1.00      0.25      0.40        12
         866       0.00      0.00      0.00         3
         867       0.00      0.00      0.00         2
         868       0.00      0.00      0.00         6
         869       1.00      0.33      0.50         3
         870       0.00      0.00      0.00         2
         871       1.00      0.33      0.50         3
         872       0.00      0.00      0.00         1
         873       1.00      0.05      0.10        19
         874       0.00      0.00      0.00         7
         875       0.00      0.00      0.00         3
         876       0.00      0.00      0.00         1
         877       0.00      0.00      0.00         3
         878       0.83      0.19      0.31        26
         879       1.00      0.20      0.33         5
         880       1.00      1.00      1.00         1
         881       1.00      0.50      0.67         2
         882       0.00      0.00      0.00         2
         883       0.00      0.00      0.00         4
         884       0.33      0.13      0.19        15
         885       0.39      0.23      0.29       127
         886       0.75      0.22      0.34        41
         887       0.00      0.00      0.00        15
         888       0.00      0.00      0.00         2
         889       0.00      0.00      0.00         1
         890       0.00      0.00      0.00         3
         891       0.57      0.28      0.37        61
         892       0.00      0.00      0.00         1
         893       0.00      0.00      0.00         1
         894       0.00      0.00      0.00         5
         895       0.00      0.00      0.00         2
         896       1.00      0.20      0.33         5
         897       0.00      0.00      0.00         1
         898       0.00      0.00      0.00         5
         899       0.00      0.00      0.00         2
         900       0.00      0.00      0.00         1
         901       0.00      0.00      0.00         5
         902       0.00      0.00      0.00         2
         903       0.67      0.40      0.50        10
         904       0.00      0.00      0.00         1
         905       0.00      0.00      0.00         4
         906       0.00      0.00      0.00         2
         907       0.00      0.00      0.00         1
         908       1.00      0.60      0.75         5
         909       1.00      0.33      0.50         3
         910       0.00      0.00      0.00         2
         911       0.00      0.00      0.00         3
         912       0.57      0.29      0.38        14
         913       0.00      0.00      0.00         5
         914       1.00      0.25      0.40         4
         915       1.00      0.25      0.40         4
         916       1.00      0.50      0.67         4
         917       0.00      0.00      0.00         2
         918       0.00      0.00      0.00         4
         919       0.00      0.00      0.00         3
         920       0.00      0.00      0.00         1
         921       1.00      0.25      0.40         4
         922       0.00      0.00      0.00         1
         923       1.00      0.50      0.67         6
         924       1.00      0.17      0.29         6
         925       0.00      0.00      0.00         7
         926       1.00      0.18      0.31        11
         927       1.00      0.38      0.56        39
         928       0.00      0.00      0.00         2
         929       0.00      0.00      0.00         2
         930       0.00      0.00      0.00         2
         931       1.00      0.40      0.57        10
         932       0.60      0.29      0.39        31
         933       0.00      0.00      0.00         1
         934       0.00      0.00      0.00         3
         935       1.00      0.50      0.67         2
         936       1.00      0.33      0.50         3
         937       1.00      0.14      0.25         7
         938       0.00      0.00      0.00         1
         939       1.00      0.33      0.50         3
         940       0.40      0.12      0.18        17
         941       1.00      0.18      0.31        11
         942       0.73      0.39      0.51        82
         943       0.20      0.06      0.09        18
         944       0.00      0.00      0.00         1
         945       1.00      0.76      0.87        17
         946       0.55      0.50      0.52       334
         947       1.00      0.33      0.50         3
         948       0.00      0.00      0.00         1
         949       1.00      0.88      0.94        59
         950       0.00      0.00      0.00         1
         951       0.67      0.42      0.51        24
         952       0.60      0.33      0.43         9
         953       0.00      0.00      0.00         1
         954       1.00      0.08      0.15        12
         955       1.00      0.09      0.17        11
         956       0.00      0.00      0.00         1
         957       0.00      0.00      0.00         1
         958       0.00      0.00      0.00         1
         959       1.00      1.00      1.00         2
         960       0.26      0.28      0.27       246
         961       0.22      0.11      0.14        19
         962       0.00      0.00      0.00         3
         963       1.00      1.00      1.00         1
         964       1.00      0.57      0.73        28

   micro avg       0.58      0.43      0.49     21223
   macro avg       0.37      0.19      0.23     21223
weighted avg       0.57      0.43      0.47     21223
 samples avg       0.42      0.45      0.42     21223

