tfidf Evaluation 
LinearSVM Classification report: 
              precision    recall  f1-score   support

           0       0.00      0.00      0.00         1
           1       0.86      0.50      0.63        12
           2       1.00      1.00      1.00         2
           3       0.63      0.58      0.60        33
           4       0.00      0.00      0.00         1
           5       0.86      0.67      0.75         9
           6       1.00      0.68      0.81        19
           7       1.00      0.67      0.80         6
           8       0.89      0.89      0.89         9
           9       0.00      0.00      0.00         1
          10       1.00      0.50      0.67         2
          11       1.00      1.00      1.00         2
          12       0.50      1.00      0.67         1
          13       0.75      0.75      0.75         4
          14       0.00      0.00      0.00         0
          15       0.94      0.96      0.95        83
          16       0.60      0.59      0.60       229
          17       0.87      0.92      0.89        49
          18       1.00      0.88      0.93         8
          19       0.50      0.25      0.33         4
          20       0.63      0.62      0.62        92
          21       1.00      0.50      0.67         4
          22       0.83      0.50      0.62        10
          23       1.00      1.00      1.00         1
          24       0.00      0.00      0.00         1
          25       0.62      0.83      0.71         6
          26       1.00      1.00      1.00         2
          27       1.00      1.00      1.00         1
          28       1.00      1.00      1.00         1
          29       0.91      0.71      0.80        14
          30       1.00      1.00      1.00         1
          31       0.38      0.44      0.41        41
          32       1.00      1.00      1.00         2
          33       1.00      1.00      1.00         2
          34       1.00      0.33      0.50         3
          35       0.67      0.44      0.53        36
          36       1.00      0.17      0.29         6
          37       0.64      0.75      0.69        12
          38       0.43      0.60      0.50         5
          39       0.00      0.00      0.00         0
          40       1.00      0.67      0.80         3
          41       1.00      0.50      0.67         2
          42       0.00      0.00      0.00         1
          43       0.50      0.75      0.60         4
          44       1.00      1.00      1.00         1
          45       0.54      0.38      0.45        34
          46       0.79      0.79      0.79        14
          47       0.55      0.67      0.60         9
          48       0.47      0.50      0.48        14
          49       0.74      0.63      0.68        68
          50       0.00      0.00      0.00         2
          51       0.00      0.00      0.00         1
          52       0.50      0.75      0.60         4
          53       0.70      0.70      0.70       768
          54       0.00      0.00      0.00         1
          55       1.00      0.67      0.80         3
          56       1.00      0.43      0.60        14
          57       0.93      0.93      0.93        14
          58       0.00      0.00      0.00         1
          59       0.50      1.00      0.67         2
          60       0.67      1.00      0.80         2
          61       0.50      0.50      0.50         2
          62       1.00      0.25      0.40         4
          63       0.90      0.90      0.90        10
          64       1.00      0.50      0.67         2
          65       1.00      1.00      1.00         9
          66       0.99      0.96      0.98       110
          67       1.00      1.00      1.00         1
          68       0.50      0.52      0.51       151
          69       0.00      0.00      0.00         0
          70       0.00      0.00      0.00         2
          71       1.00      0.67      0.80         3
          72       1.00      1.00      1.00         1
          73       0.85      0.80      0.83       302
          74       0.00      0.00      0.00         1
          75       0.75      1.00      0.86         3
          76       0.00      0.00      0.00         1
          77       1.00      1.00      1.00         4
          78       0.89      0.91      0.90        91
          79       1.00      1.00      1.00         1
          80       0.00      0.00      0.00         1
          81       1.00      1.00      1.00         1
          82       1.00      0.82      0.90        11
          83       0.00      0.00      0.00         0
          84       0.75      0.68      0.71        87
          85       0.00      0.00      0.00         2
          86       0.79      0.75      0.77       170
          87       1.00      1.00      1.00         9
          88       0.50      1.00      0.67         4
          89       0.00      0.00      0.00         0
          90       1.00      1.00      1.00         3
          91       0.76      0.67      0.71        24
          92       0.70      0.76      0.73        42
          93       0.58      0.54      0.56        26
          94       0.65      0.55      0.60        31
          95       0.84      0.83      0.83       161
          96       1.00      0.62      0.77         8
          97       0.00      0.00      0.00         2
          98       0.78      0.83      0.81        30
          99       0.00      0.00      0.00         1
         100       0.70      0.78      0.74         9
         101       1.00      1.00      1.00         1
         102       0.00      0.00      0.00         0
         103       0.00      0.00      0.00         0
         104       0.36      0.27      0.31        15
         105       1.00      0.67      0.80        15
         106       1.00      0.50      0.67         2
         107       0.29      0.24      0.26        17
         108       0.82      0.69      0.75        13
         109       1.00      1.00      1.00         4
         110       0.00      0.00      0.00         1
         111       1.00      1.00      1.00        20
         112       1.00      1.00      1.00         2
         113       0.00      0.00      0.00         3
         114       0.50      0.50      0.50         2
         115       1.00      1.00      1.00         1
         116       1.00      1.00      1.00         2
         117       0.84      0.79      0.82        39
         118       1.00      1.00      1.00         1
         119       0.00      0.00      0.00         1
         120       1.00      0.56      0.71         9
         121       0.62      0.83      0.71         6
         122       0.83      0.67      0.74        15
         123       1.00      1.00      1.00         1
         124       0.40      0.50      0.44         8
         125       0.79      0.59      0.68        37
         126       0.00      0.00      0.00         0
         127       0.50      1.00      0.67         1
         128       0.65      0.61      0.63        36
         129       0.00      0.00      0.00         1
         130       0.00      0.00      0.00         2
         131       1.00      1.00      1.00         6
         132       1.00      1.00      1.00         1
         133       0.79      0.79      0.79        29
         134       0.80      1.00      0.89         4
         135       1.00      1.00      1.00         2
         136       1.00      1.00      1.00         1
         137       0.00      0.00      0.00         1
         138       0.00      0.00      0.00         0
         139       0.36      0.27      0.31       132
         140       1.00      1.00      1.00         1
         141       1.00      0.50      0.67         2
         142       0.90      0.94      0.92       413
         143       0.76      0.78      0.77        98
         144       0.00      0.00      0.00         2
         145       0.82      0.89      0.86      8081
         146       0.00      0.00      0.00         1
         147       0.71      0.56      0.63         9
         148       1.00      0.50      0.67         2
         149       0.00      0.00      0.00         0
         150       0.00      0.00      0.00         3
         151       0.00      0.00      0.00         2
         152       0.00      0.00      0.00         2
         153       0.25      0.20      0.22         5
         154       0.00      0.00      0.00         1
         155       0.94      1.00      0.97        16
         156       1.00      0.62      0.77         8
         157       1.00      0.17      0.29         6
         158       0.73      0.93      0.82       203
         159       1.00      1.00      1.00         1
         160       1.00      0.86      0.92         7
         161       0.00      0.00      0.00         1
         162       0.00      0.00      0.00         1
         163       0.86      0.75      0.80        16
         164       0.00      0.00      0.00         1
         165       0.00      0.00      0.00         1
         166       1.00      0.67      0.80         3
         167       1.00      1.00      1.00         1
         168       0.00      0.00      0.00         2
         169       0.70      0.70      0.70        10
         170       1.00      1.00      1.00        13
         171       1.00      1.00      1.00         1
         172       1.00      1.00      1.00         3
         173       0.69      0.73      0.71        15
         174       1.00      0.36      0.53        14
         175       1.00      1.00      1.00         1
         176       0.90      0.76      0.82        37
         177       1.00      0.40      0.57         5
         178       0.88      0.69      0.77        42
         179       1.00      1.00      1.00         2
         180       1.00      0.50      0.67         2
         181       1.00      1.00      1.00         1
         182       0.50      1.00      0.67         1
         183       0.73      1.00      0.84         8
         184       0.92      0.85      0.88        13
         185       0.82      0.71      0.76       115
         186       0.50      0.50      0.50         2
         187       0.00      0.00      0.00         2
         188       0.82      0.79      0.80      1090
         189       0.62      0.40      0.48        53
         190       0.50      0.50      0.50         4
         191       0.75      0.84      0.79       223
         192       1.00      0.25      0.40         4
         193       0.00      0.00      0.00         3
         194       0.00      0.00      0.00         2
         195       0.85      0.96      0.90        24
         196       0.53      0.36      0.43        25
         197       0.25      0.20      0.22         5
         198       1.00      1.00      1.00         1
         199       1.00      1.00      1.00         1
         200       0.67      1.00      0.80         2
         201       0.89      0.81      0.85        21
         202       0.67      1.00      0.80         4
         203       0.79      0.78      0.78        80
         204       0.50      0.12      0.20         8
         205       1.00      1.00      1.00        12
         206       0.86      0.92      0.89        59
         207       0.74      0.75      0.74        60
         208       0.62      1.00      0.77         5
         209       1.00      0.50      0.67         2
         210       0.00      0.00      0.00         1
         211       0.00      0.00      0.00         0
         212       0.30      0.43      0.35         7
         213       0.75      0.60      0.67         5
         214       1.00      1.00      1.00         3
         215       0.47      0.40      0.44        42
         216       0.00      0.00      0.00         2
         217       0.00      0.00      0.00         1
         218       0.00      0.00      0.00         0
         219       0.73      0.68      0.70        40
         220       0.55      0.47      0.50        77
         221       0.59      0.46      0.52        48
         222       0.35      0.21      0.26        34
         223       1.00      0.33      0.50         3
         224       1.00      0.20      0.33         5
         225       0.00      0.00      0.00         1
         226       0.00      0.00      0.00         1
         227       0.80      0.33      0.47        12
         228       0.00      0.00      0.00         1
         229       0.55      0.57      0.56      2094
         230       1.00      1.00      1.00         1
         231       0.24      0.17      0.20       595
         232       0.00      0.00      0.00         1
         233       0.00      0.00      0.00        13
         234       0.00      0.00      0.00         1
         235       0.60      0.75      0.67         4
         236       1.00      0.60      0.75         5
         237       0.50      0.50      0.50         4
         238       0.00      0.00      0.00         2
         239       0.56      0.56      0.56         9
         240       1.00      0.50      0.67         2
         241       1.00      0.67      0.80         6
         242       1.00      0.33      0.50         6
         243       0.91      0.83      0.87        12
         244       1.00      0.89      0.94         9
         245       0.67      0.50      0.57        32
         246       0.00      0.00      0.00         2
         247       0.75      0.60      0.67         5
         248       0.00      0.00      0.00         0
         249       0.64      0.78      0.70        18
         250       1.00      0.87      0.93        15
         251       1.00      0.40      0.57         5
         252       0.00      0.00      0.00         1
         253       0.78      0.64      0.70        11
         254       0.50      0.45      0.48        11
         255       0.00      0.00      0.00         1
         256       0.00      0.00      0.00         0
         257       0.00      0.00      0.00         5
         258       0.00      0.00      0.00         3
         259       0.88      1.00      0.93        14
         260       1.00      0.75      0.86         4
         261       1.00      0.50      0.67         2
         262       0.00      0.00      0.00         1
         263       1.00      0.33      0.50         3
         264       0.00      0.00      0.00         0
         265       0.00      0.00      0.00         2
         266       0.50      1.00      0.67         1
         267       0.00      0.00      0.00         1
         268       0.30      1.00      0.46         3
         269       0.50      1.00      0.67         1
         270       1.00      0.50      0.67         2
         271       0.25      0.14      0.18         7
         272       0.27      0.23      0.25        13
         273       0.24      0.30      0.26       110
         274       0.29      0.29      0.29         7
         275       0.00      0.00      0.00         1
         276       0.50      0.67      0.57         3
         277       0.40      1.00      0.57         4
         278       0.00      0.00      0.00         0
         279       0.00      0.00      0.00         0
         280       0.94      0.94      0.94        65
         281       0.00      0.00      0.00         1
         282       1.00      1.00      1.00         1
         283       1.00      0.33      0.50         6
         284       1.00      1.00      1.00         1
         285       0.00      0.00      0.00         0
         286       0.00      0.00      0.00         5
         287       1.00      1.00      1.00         1
         288       0.00      0.00      0.00         2
         289       1.00      1.00      1.00         1
         290       0.00      0.00      0.00         0
         291       0.00      0.00      0.00         3
         292       1.00      1.00      1.00         3
         293       0.56      0.83      0.67         6
         294       1.00      1.00      1.00         1
         295       0.00      0.00      0.00         1
         296       0.50      1.00      0.67         2
         297       0.27      0.27      0.27        11
         298       0.38      0.25      0.30        12
         299       0.00      0.00      0.00         0
         300       1.00      1.00      1.00         1
         301       0.00      0.00      0.00         3
         302       0.72      0.76      0.74        17
         303       1.00      0.75      0.86         4
         304       0.25      0.50      0.33         2
         305       0.00      0.00      0.00         0
         306       0.93      0.96      0.95        28
         307       1.00      0.50      0.67         2
         308       0.73      0.89      0.80         9
         309       0.33      0.20      0.25         5
         310       1.00      1.00      1.00         1
         311       0.61      0.46      0.52        24
         312       0.00      0.00      0.00         5
         313       0.60      0.43      0.50         7
         314       0.00      0.00      0.00         1
         315       1.00      1.00      1.00         1
         316       0.00      0.00      0.00         0
         317       0.00      0.00      0.00         6
         318       0.00      0.00      0.00         1
         319       0.00      0.00      0.00         1
         320       1.00      1.00      1.00        15
         321       0.33      0.50      0.40         2
         322       1.00      1.00      1.00         1
         323       0.00      0.00      0.00         2
         324       0.50      1.00      0.67         2
         325       0.00      0.00      0.00         0
         326       1.00      0.95      0.97        19
         327       0.00      0.00      0.00         1
         328       0.50      0.27      0.35        11
         329       0.44      0.33      0.38        21
         330       0.00      0.00      0.00         1
         331       0.67      1.00      0.80         4
         332       1.00      0.67      0.80         3
         333       0.39      0.43      0.41        35
         334       0.48      0.39      0.43        31
         335       1.00      1.00      1.00         3
         336       0.75      0.67      0.71         9
         337       1.00      0.60      0.75         5
         338       0.25      1.00      0.40         1
         339       0.17      0.17      0.17         6
         340       0.20      1.00      0.33         1
         341       1.00      0.60      0.75         5
         342       1.00      1.00      1.00         4
         343       1.00      0.50      0.67         8
         344       1.00      0.67      0.80         6
         345       0.00      0.00      0.00         1
         346       0.64      0.54      0.58        13
         347       0.00      0.00      0.00         1
         348       0.50      1.00      0.67         1
         349       0.67      0.29      0.40         7
         350       1.00      1.00      1.00         1
         351       0.80      0.89      0.84         9
         352       0.00      0.00      0.00         1
         353       0.53      0.50      0.51        20
         354       1.00      0.50      0.67         4
         355       0.98      0.97      0.97        60
         356       0.50      0.50      0.50         2
         357       0.43      0.32      0.36        57
         358       0.58      0.39      0.47        18
         359       0.00      0.00      0.00         1
         360       0.00      0.00      0.00         1
         361       1.00      0.50      0.67         2
         362       0.00      0.00      0.00         2
         363       0.84      0.76      0.80        34
         364       0.00      0.00      0.00         0
         365       0.70      0.54      0.61        13
         366       0.25      0.50      0.33         2
         367       0.63      0.56      0.59        39
         368       0.96      0.96      0.96        23
         369       0.66      0.63      0.64        62
         370       0.00      0.00      0.00         1
         371       0.76      0.69      0.72        49
         372       0.33      1.00      0.50         1
         373       1.00      1.00      1.00         1
         374       0.79      0.67      0.72        81
         375       0.98      0.96      0.97       140
         376       1.00      1.00      1.00         1
         377       0.67      0.80      0.73         5
         378       0.50      1.00      0.67         1
         379       0.50      0.53      0.51        19
         380       1.00      0.50      0.67         2
         381       1.00      1.00      1.00         2
         382       0.87      0.90      0.88       122
         383       1.00      1.00      1.00         1
         384       1.00      0.71      0.83         7
         385       0.88      0.78      0.82         9
         386       0.00      0.00      0.00         4
         387       0.40      0.67      0.50         3
         388       1.00      1.00      1.00         1
         389       1.00      1.00      1.00         1
         390       0.95      0.90      0.93        21
         391       0.00      0.00      0.00         1
         392       0.80      0.80      0.80        10
         393       0.00      0.00      0.00         1
         394       0.79      0.80      0.80       138
         395       1.00      0.43      0.60         7
         396       0.80      0.80      0.80         5
         397       1.00      1.00      1.00        23
         398       0.33      0.33      0.33         3
         399       0.83      0.71      0.77         7
         400       0.00      0.00      0.00         1
         401       0.00      0.00      0.00         1
         402       0.86      0.76      0.81        25
         403       0.62      0.50      0.56        10
         404       0.93      0.87      0.90        15
         405       0.90      0.96      0.93        75
         406       0.00      0.00      0.00         1
         407       0.56      0.62      0.59         8
         408       0.88      0.88      0.88        24
         409       0.00      0.00      0.00         3
         410       0.00      0.00      0.00         2
         411       0.00      0.00      0.00         3
         412       1.00      0.33      0.50         3
         413       0.86      1.00      0.92         6
         414       0.00      0.00      0.00         1
         415       0.90      0.89      0.89        70
         416       0.59      0.43      0.50        23
         417       0.00      0.00      0.00         1
         418       0.73      0.68      0.71       167
         419       1.00      0.38      0.55         8
         420       0.83      0.45      0.59        22
         421       1.00      1.00      1.00         1
         422       0.00      0.00      0.00         1
         423       0.00      0.00      0.00         1
         424       0.70      0.70      0.70       125
         425       0.00      0.00      0.00         0
         426       0.00      0.00      0.00         1
         427       1.00      0.50      0.67         2
         428       1.00      1.00      1.00         6
         429       0.97      0.98      0.97        58
         430       0.50      1.00      0.67         1
         431       0.00      0.00      0.00         2
         432       0.50      0.50      0.50         2
         433       1.00      1.00      1.00         8
         434       1.00      0.62      0.77         8
         435       0.00      0.00      0.00         0
         436       0.66      0.54      0.60       136
         437       1.00      1.00      1.00         4
         438       0.84      0.84      0.84        25
         439       0.00      0.00      0.00         1
         440       1.00      0.73      0.85        15
         441       1.00      1.00      1.00         2
         442       1.00      1.00      1.00         3
         443       0.97      0.72      0.82        39
         444       0.94      0.92      0.93        36
         445       0.40      1.00      0.57         2
         446       0.86      0.87      0.87       111
         447       1.00      0.25      0.40         4
         448       1.00      0.50      0.67         2
         449       0.00      0.00      0.00         0
         450       1.00      1.00      1.00         1
         451       0.00      0.00      0.00         1
         452       1.00      0.71      0.83         7
         453       0.67      0.80      0.73         5
         454       0.88      0.54      0.67        13
         455       0.38      0.28      0.32        64
         456       0.67      0.80      0.73         5
         457       0.33      0.33      0.33         6
         458       0.25      0.50      0.33         2
         459       0.71      0.59      0.64        46
         460       0.00      0.00      0.00         2
         461       1.00      1.00      1.00         1
         462       0.41      0.58      0.48        12
         463       0.29      0.27      0.28        15
         464       0.50      0.50      0.50         2
         465       0.00      0.00      0.00         1
         466       0.56      0.71      0.63         7
         467       0.67      0.50      0.57        12
         468       0.80      0.57      0.67         7
         469       0.58      0.44      0.50        16
         470       0.55      0.60      0.57        10
         471       0.50      0.50      0.50         4
         472       0.00      0.00      0.00         2
         473       1.00      0.75      0.86         4
         474       1.00      1.00      1.00         1
         475       0.00      0.00      0.00         2
         476       1.00      1.00      1.00         1
         477       0.00      0.00      0.00         1
         478       0.88      0.91      0.89       174
         479       1.00      1.00      1.00         3
         480       0.00      0.00      0.00         1
         481       1.00      1.00      1.00         3
         482       0.93      1.00      0.97        14
         483       0.68      0.56      0.61        72
         484       1.00      0.40      0.57         5
         485       0.50      0.11      0.18        18
         486       0.00      0.00      0.00         2
         487       1.00      0.33      0.50         3
         488       0.00      0.00      0.00         2
         489       0.31      0.57      0.40         7
         490       0.00      0.00      0.00         0
         491       1.00      0.50      0.67         2
         492       0.50      1.00      0.67         1
         493       0.00      0.00      0.00         1
         494       0.79      0.71      0.75        62
         495       1.00      1.00      1.00         1
         496       1.00      0.50      0.67         2
         497       0.33      0.17      0.22         6
         498       0.00      0.00      0.00         0
         499       0.77      0.65      0.71        75
         500       0.52      0.37      0.43        81
         501       0.40      0.28      0.33        36
         502       0.00      0.00      0.00         2
         503       1.00      1.00      1.00         1
         504       0.00      0.00      0.00         1
         505       1.00      1.00      1.00         1
         506       0.94      0.89      0.91        18
         507       0.76      0.79      0.78        24
         508       1.00      1.00      1.00         2
         509       0.78      0.93      0.85        15
         510       0.92      0.83      0.88        42
         511       0.91      0.68      0.78        31
         512       0.00      0.00      0.00         1
         513       1.00      1.00      1.00         2
         514       0.78      0.47      0.58        15
         515       0.00      0.00      0.00         0
         516       0.00      0.00      0.00         3
         517       1.00      0.86      0.92         7
         518       1.00      1.00      1.00         6
         519       0.00      0.00      0.00         1
         520       0.00      0.00      0.00         1
         521       0.89      0.90      0.89       128
         522       1.00      0.67      0.80         6
         523       1.00      0.83      0.91         6
         524       0.50      0.50      0.50         4
         525       0.99      0.99      0.99        89
         526       0.87      0.74      0.80       181
         527       0.92      0.97      0.94       122
         528       0.84      0.75      0.79        36
         529       0.84      0.87      0.85       135
         530       0.90      0.93      0.91       153
         531       0.00      0.00      0.00         2
         532       0.00      0.00      0.00         1
         533       1.00      0.92      0.96        39
         534       1.00      0.40      0.57         5
         535       1.00      0.83      0.91         6
         536       0.88      0.81      0.84       117
         537       0.63      0.46      0.53       113
         538       0.75      1.00      0.86         3
         539       0.33      0.33      0.33         6
         540       0.00      0.00      0.00         1
         541       1.00      0.33      0.50         3
         542       0.77      0.80      0.79        30
         543       1.00      1.00      1.00         2
         544       0.00      0.00      0.00         2
         545       0.00      0.00      0.00         1
         546       1.00      1.00      1.00         1
         547       0.98      0.97      0.98       101
         548       0.75      0.60      0.67         5
         549       1.00      0.50      0.67         2
         550       1.00      0.75      0.86         4
         551       0.62      0.42      0.50        31
         552       1.00      0.75      0.86         4
         553       0.86      0.80      0.83       103
         554       0.95      0.92      0.94       195
         555       0.43      0.33      0.38         9
         556       0.50      1.00      0.67         1
         557       1.00      1.00      1.00         1
         558       0.88      0.70      0.78        10
         559       1.00      1.00      1.00         2
         560       0.00      0.00      0.00         0
         561       0.75      0.90      0.82        20
         562       0.75      1.00      0.86         6
         563       0.69      0.85      0.76        13
         564       1.00      0.89      0.94         9
         565       0.80      0.61      0.69        46
         566       1.00      1.00      1.00         3
         567       1.00      1.00      1.00         2
         568       0.80      0.57      0.67        28
         569       1.00      1.00      1.00         1
         570       0.91      0.91      0.91        11
         571       1.00      1.00      1.00         7
         572       0.00      0.00      0.00         3
         573       0.00      0.00      0.00         1
         574       0.92      0.98      0.95        60
         575       0.55      0.40      0.46       100
         576       0.00      0.00      0.00         1
         577       0.72      0.70      0.71       113
         578       0.92      0.68      0.78        34
         579       1.00      1.00      1.00         2
         580       0.94      1.00      0.97        15
         581       0.93      0.93      0.93        14
         582       0.79      0.79      0.79        14
         583       1.00      0.50      0.67         4
         584       0.95      0.90      0.92        20
         585       1.00      0.50      0.67         4
         586       0.50      1.00      0.67         2
         587       0.62      0.53      0.57        19
         588       0.50      0.67      0.57         3
         589       0.83      0.89      0.86        62
         590       0.93      0.95      0.94       192
         591       1.00      1.00      1.00         2
         592       0.67      0.40      0.50        10
         593       1.00      0.67      0.80        12
         594       0.00      0.00      0.00         1
         595       0.58      0.60      0.59       117
         596       0.75      0.90      0.82        10
         597       0.92      0.60      0.73        20
         598       0.78      0.83      0.80        42
         599       0.45      0.29      0.35        58
         600       0.66      0.61      0.63        54
         601       0.96      0.98      0.97       178
         602       0.00      0.00      0.00         1
         603       0.88      0.84      0.86       124
         604       1.00      0.75      0.86         4
         605       0.87      0.87      0.87        15
         606       0.93      0.93      0.93        86
         607       0.90      0.86      0.88        43
         608       0.70      0.61      0.65        64
         609       0.00      0.00      0.00         1
         610       0.00      0.00      0.00         1
         611       1.00      1.00      1.00         1
         612       0.00      0.00      0.00         1
         613       0.62      0.83      0.71         6
         614       1.00      0.75      0.86         4
         615       1.00      0.50      0.67         2
         616       0.00      0.00      0.00         1
         617       1.00      0.83      0.91         6
         618       0.94      0.95      0.94       116
         619       0.79      0.52      0.63        21
         620       0.40      1.00      0.57         2
         621       0.50      0.33      0.40         3
         622       0.83      0.71      0.77         7
         623       1.00      1.00      1.00         2
         624       0.00      0.00      0.00         0
         625       0.88      1.00      0.93         7
         626       0.67      0.80      0.73         5
         627       1.00      0.91      0.95        11
         628       0.95      0.82      0.88        22
         629       0.93      0.91      0.92       159
         630       0.68      0.45      0.54        29
         631       0.92      0.95      0.93       148
         632       0.57      0.80      0.67         5
         633       1.00      1.00      1.00         3
         634       0.83      0.76      0.80       127
         635       0.74      0.80      0.77       132
         636       0.74      0.83      0.78        30
         637       0.62      0.44      0.52        18
         638       1.00      1.00      1.00         1
         639       1.00      1.00      1.00         1
         640       0.81      0.70      0.75        54
         641       0.93      0.97      0.95        69
         642       0.67      1.00      0.80         6
         643       0.00      0.00      0.00         0
         644       0.96      0.90      0.93        29
         645       1.00      1.00      1.00         1
         646       0.00      0.00      0.00         1
         647       0.36      0.44      0.39        32
         648       0.00      0.00      0.00         2
         649       1.00      0.60      0.75         5
         650       0.75      0.75      0.75         4
         651       0.67      0.40      0.50        10
         652       0.33      1.00      0.50         1
         653       0.00      0.00      0.00         1
         654       0.00      0.00      0.00         0
         655       1.00      1.00      1.00         1
         656       0.91      0.95      0.93       178
         657       0.91      1.00      0.96        32
         658       0.79      0.54      0.64       158
         659       0.00      0.00      0.00         1
         660       0.86      0.73      0.79        26
         661       1.00      1.00      1.00         1
         662       0.00      0.00      0.00         1
         663       0.00      0.00      0.00         3
         664       1.00      0.75      0.86         4
         665       0.83      0.56      0.67         9
         666       1.00      1.00      1.00         1
         667       0.60      0.43      0.50         7
         668       0.60      0.55      0.58       157
         669       0.33      1.00      0.50         1
         670       1.00      0.50      0.67         2
         671       1.00      1.00      1.00         2
         672       0.83      0.83      0.83        12
         673       0.00      0.00      0.00         1
         674       1.00      0.50      0.67         4
         675       0.86      0.75      0.80        16
         676       1.00      0.80      0.89        10
         677       0.00      0.00      0.00         3
         678       0.81      1.00      0.90        26
         679       0.00      0.00      0.00         1
         680       1.00      0.17      0.29         6
         681       1.00      1.00      1.00        39
         682       0.79      0.76      0.78        68
         683       0.67      0.20      0.31        10
         684       1.00      0.50      0.67         2
         685       0.00      0.00      0.00         1
         686       0.00      0.00      0.00         1
         687       0.00      0.00      0.00         5
         688       1.00      0.50      0.67         8
         689       0.00      0.00      0.00         1
         690       0.98      0.96      0.97        48
         691       1.00      1.00      1.00         1
         692       1.00      1.00      1.00         4
         693       0.00      0.00      0.00         1
         694       0.80      0.66      0.72        87
         695       0.55      0.60      0.58      1261
         696       0.80      0.78      0.79       306
         697       0.44      0.43      0.43       189
         698       0.95      0.99      0.97        77
         699       0.00      0.00      0.00         6
         700       1.00      1.00      1.00         2
         701       0.96      0.96      0.96       592
         702       0.85      0.88      0.86       136
         703       0.69      0.82      0.75        11
         704       0.82      0.93      0.87       433
         705       0.00      0.00      0.00         1
         706       0.54      0.46      0.50        41
         707       0.67      0.29      0.40         7
         708       0.85      0.95      0.90        95
         709       0.66      0.58      0.62       111
         710       0.76      0.79      0.77       258
         711       0.90      0.84      0.87        45
         712       0.79      0.81      0.80      1083
         713       0.60      0.50      0.55         6
         714       0.67      0.44      0.53        27
         715       0.50      0.50      0.50         2
         716       0.00      0.00      0.00         1
         717       0.00      0.00      0.00         1
         718       0.50      0.50      0.50         2
         719       0.50      0.50      0.50         2
         720       0.50      1.00      0.67         1
         721       0.33      0.25      0.29         4
         722       0.00      0.00      0.00         2
         723       0.00      0.00      0.00         0
         724       0.85      0.67      0.75        43
         725       0.73      0.57      0.64        14
         726       0.67      0.33      0.44         6
         727       0.82      0.73      0.77       159
         728       0.78      0.67      0.72       103
         729       0.67      0.67      0.67         3
         730       0.83      0.67      0.74       111
         731       0.00      0.00      0.00         1
         732       0.77      0.84      0.80        55
         733       0.65      0.60      0.62        40
         734       0.85      0.65      0.73        34
         735       0.70      0.72      0.71       151
         736       0.67      0.80      0.73        10
         737       0.80      0.93      0.86       507
         738       1.00      1.00      1.00         1
         739       0.00      0.00      0.00         1
         740       0.00      0.00      0.00         4
         741       1.00      1.00      1.00         2
         742       0.20      0.25      0.22         4
         743       0.00      0.00      0.00         2
         744       0.64      0.49      0.56        61
         745       1.00      1.00      1.00         2
         746       0.74      0.68      0.71        34
         747       1.00      0.88      0.93         8
         748       1.00      0.50      0.67         2
         749       1.00      0.50      0.67         6
         750       1.00      0.67      0.80         6
         751       0.50      1.00      0.67         1
         752       1.00      0.20      0.33         5
         753       0.93      0.88      0.90        16
         754       0.25      0.33      0.29         3
         755       0.64      0.78      0.70         9
         756       0.67      0.20      0.31        10
         757       1.00      1.00      1.00         1
         758       0.00      0.00      0.00         1
         759       0.48      0.53      0.51       202
         760       1.00      0.50      0.67         2
         761       0.40      1.00      0.57         2
         762       0.99      0.99      0.99       138
         763       0.67      0.67      0.67         3
         764       0.33      0.25      0.29         4
         765       0.76      0.86      0.81        37
         766       0.91      0.87      0.89       100
         767       0.82      0.83      0.82       239
         768       0.50      0.33      0.40         9
         769       0.94      0.89      0.92        19
         770       0.62      0.78      0.69        27
         771       0.67      0.50      0.57         4
         772       0.86      0.96      0.91        26
         773       0.54      0.53      0.54       306
         774       0.90      0.79      0.84        24
         775       0.89      0.73      0.80        11
         776       0.96      0.62      0.75        37
         777       1.00      1.00      1.00         1
         778       0.00      0.00      0.00         2
         779       0.84      0.87      0.85      1940
         780       0.94      0.97      0.95        30
         781       0.00      0.00      0.00         0
         782       0.27      0.31      0.29        42
         783       1.00      1.00      1.00         4
         784       1.00      0.20      0.33         5
         785       0.73      0.66      0.69       121
         786       1.00      1.00      1.00         2
         787       1.00      1.00      1.00         1
         788       0.00      0.00      0.00         1
         789       0.57      0.74      0.64       387
         790       0.29      0.17      0.21        12
         791       0.68      0.66      0.67       669
         792       0.60      0.50      0.55         6
         793       1.00      1.00      1.00         1
         794       0.20      1.00      0.33         1
         795       0.87      0.62      0.72        21
         796       0.00      0.00      0.00         1
         797       0.00      0.00      0.00         1
         798       0.59      0.61      0.60        76
         799       0.00      0.00      0.00         1
         800       0.00      0.00      0.00         1
         801       1.00      1.00      1.00         1
         802       1.00      0.91      0.96        35
         803       0.00      0.00      0.00         1
         804       0.20      0.11      0.14        18
         805       0.00      0.00      0.00         3
         806       0.00      0.00      0.00         1
         807       0.52      0.60      0.56       156
         808       0.57      0.56      0.56       411
         809       0.75      0.66      0.70        32
         810       1.00      1.00      1.00         1
         811       0.71      0.83      0.77        12
         812       1.00      0.89      0.94         9
         813       1.00      0.50      0.67         2
         814       1.00      1.00      1.00         1
         815       0.63      0.67      0.65        69
         816       0.90      0.92      0.91       204
         817       0.93      0.97      0.95        40
         818       0.00      0.00      0.00         0
         819       0.98      0.99      0.98       234
         820       1.00      1.00      1.00         2
         821       1.00      0.50      0.67         2
         822       0.68      0.72      0.70       471
         823       1.00      0.33      0.50         3
         824       0.33      0.33      0.33         3
         825       0.75      0.30      0.43        10
         826       1.00      0.40      0.57         5
         827       0.64      0.64      0.64        22
         828       0.00      0.00      0.00         2
         829       0.72      0.69      0.70        45
         830       0.00      0.00      0.00         1
         831       0.00      0.00      0.00         0
         832       0.40      0.40      0.40         5
         833       0.25      1.00      0.40         1
         834       0.80      0.80      0.80         5
         835       0.88      0.94      0.91        31
         836       0.00      0.00      0.00         0
         837       0.82      0.72      0.77       128
         838       1.00      0.67      0.80         3
         839       0.00      0.00      0.00         2
         840       0.83      0.62      0.71        16
         841       0.51      0.53      0.52       775
         842       0.63      0.68      0.65        25
         843       1.00      1.00      1.00         1
         844       1.00      1.00      1.00         1
         845       1.00      0.50      0.67         2
         846       0.59      0.53      0.56        45
         847       0.80      0.80      0.80         5
         848       1.00      0.75      0.86         4
         849       0.78      0.74      0.76        19
         850       0.43      1.00      0.60         3
         851       0.00      0.00      0.00         1
         852       0.95      0.84      0.89        44
         853       0.75      0.75      0.75         4
         854       1.00      1.00      1.00         9
         855       0.38      0.50      0.43         6
         856       0.67      0.67      0.67         3
         857       0.00      0.00      0.00         1
         858       0.53      0.44      0.48        57
         859       1.00      0.29      0.44         7
         860       1.00      0.88      0.93         8
         861       0.00      0.00      0.00         1
         862       0.55      0.46      0.50        13
         863       0.36      0.67      0.47         6
         864       1.00      1.00      1.00         1
         865       0.67      0.67      0.67       116
         866       0.98      0.99      0.99       154
         867       0.70      0.88      0.78         8
         868       0.83      0.85      0.84       203
         869       1.00      0.83      0.91         6
         870       0.50      0.53      0.51       641
         871       0.68      0.82      0.74       133
         872       0.78      0.74      0.76        73
         873       0.45      0.50      0.47        26
         874       0.86      0.70      0.78        27
         875       0.90      0.90      0.90        10
         876       0.67      0.67      0.67         3
         877       0.47      0.63      0.54        43
         878       0.78      0.54      0.64        13
         879       0.00      0.00      0.00         0
         880       1.00      0.50      0.67         2
         881       0.77      0.91      0.83        11
         882       1.00      1.00      1.00         1
         883       1.00      0.40      0.57         5
         884       0.91      0.70      0.79        43
         885       0.00      0.00      0.00         1
         886       0.90      0.94      0.92       690
         887       0.89      0.85      0.87        20
         888       0.50      0.25      0.33         4
         889       1.00      0.67      0.80         3
         890       0.74      0.77      0.75      1237
         891       0.00      0.00      0.00         1
         892       0.00      0.00      0.00         0
         893       0.67      0.50      0.57         8
         894       0.79      0.59      0.68        44
         895       0.86      0.75      0.80         8
         896       0.00      0.00      0.00         1
         897       0.75      0.86      0.80         7
         898       0.00      0.00      0.00         0
         899       0.00      0.00      0.00         1
         900       0.50      1.00      0.67         1
         901       0.75      1.00      0.86         3
         902       0.00      0.00      0.00         6
         903       0.69      0.75      0.72        12
         904       0.33      0.36      0.35        11
         905       0.00      0.00      0.00         0
         906       0.86      1.00      0.92         6
         907       0.00      0.00      0.00         0
         908       1.00      0.60      0.75         5
         909       0.00      0.00      0.00         1
         910       0.20      0.20      0.20         5
         911       0.00      0.00      0.00         1
         912       1.00      0.56      0.71         9
         913       0.38      0.21      0.27        39
         914       0.62      0.45      0.53        11
         915       0.75      0.71      0.73        17
         916       0.57      0.62      0.59        21
         917       0.00      0.00      0.00         1
         918       0.75      0.60      0.67        15
         919       1.00      0.80      0.89         5
         920       0.60      0.38      0.46         8
         921       0.94      1.00      0.97        29
         922       1.00      1.00      1.00         1
         923       0.79      0.70      0.74       238
         924       0.50      0.10      0.17        10
         925       0.70      0.70      0.70        10
         926       0.70      0.68      0.69        74
         927       0.87      0.95      0.91        21
         928       0.00      0.00      0.00         2
         929       0.68      0.66      0.67       133
         930       0.82      0.83      0.83       465
         931       0.69      0.61      0.65        18
         932       1.00      1.00      1.00         1
         933       0.87      0.65      0.74        20
         934       0.50      0.33      0.40         3
         935       1.00      0.67      0.80         3
         936       0.75      0.75      0.75         4
         937       1.00      1.00      1.00         3
         938       0.00      0.00      0.00         1
         939       0.79      0.86      0.82       427
         940       0.80      0.73      0.76        11
         941       1.00      0.60      0.75         5
         942       0.00      0.00      0.00         1
         943       0.00      0.00      0.00         1
         944       0.00      0.00      0.00         1
         945       0.80      0.57      0.67         7
         946       1.00      1.00      1.00         1
         947       0.91      0.92      0.91        96
         948       0.78      0.81      0.79        26
         949       1.00      1.00      1.00         1
         950       1.00      0.22      0.36         9
         951       0.00      0.00      0.00         5
         952       0.00      0.00      0.00         1
         953       0.71      0.71      0.71        21
         954       0.50      1.00      0.67         2
         955       1.00      0.80      0.89         5
         956       0.80      0.67      0.73         6
         957       1.00      0.62      0.77         8
         958       0.75      0.60      0.67         5
         959       0.57      0.50      0.53        26
         960       0.92      0.82      0.87        44
         961       0.00      0.00      0.00         1
         962       1.00      1.00      1.00         1
         963       1.00      0.67      0.80         3
         964       0.75      0.75      0.75         4
         965       0.00      0.00      0.00         1
         966       0.86      0.71      0.77        17
         967       0.68      0.61      0.64       164
         968       0.67      1.00      0.80         2
         969       1.00      1.00      1.00         1
         970       0.35      0.43      0.39        67
         971       0.64      0.51      0.57       111
         972       0.69      0.70      0.69       524
         973       0.61      0.64      0.62        39
         974       0.60      0.60      0.60         5
         975       1.00      0.50      0.67         2
         976       0.00      0.00      0.00         1
         977       0.00      0.00      0.00         1
         978       0.50      0.33      0.40         3
         979       0.87      0.93      0.90      1095
         980       1.00      1.00      1.00         1
         981       0.00      0.00      0.00         1
         982       0.50      0.25      0.33         4
         983       0.35      0.34      0.34       102
         984       1.00      0.56      0.71         9
         985       0.00      0.00      0.00         1
         986       1.00      0.29      0.45        17
         987       1.00      1.00      1.00         2
         988       1.00      0.89      0.94        19
         989       0.00      0.00      0.00         0
         990       0.75      0.38      0.50         8
         991       1.00      1.00      1.00         1
         992       0.00      0.00      0.00         1
         993       0.92      0.71      0.80        17
         994       0.71      0.42      0.53        12
         995       0.33      1.00      0.50         1
         996       0.61      0.52      0.56       177
         997       1.00      0.91      0.95        22
         998       1.00      1.00      1.00         1
         999       1.00      0.75      0.86        16
        1000       0.79      0.77      0.78        64
        1001       0.43      0.38      0.41        81
        1002       0.91      0.96      0.93       141
        1003       0.00      0.00      0.00         1
        1004       0.00      0.00      0.00         1
        1005       0.86      0.77      0.81        47
        1006       0.72      0.67      0.69       380
        1007       0.75      0.76      0.75       292
        1008       0.74      0.51      0.60        63
        1009       1.00      1.00      1.00         1
        1010       0.38      0.60      0.46         5
        1011       0.88      0.86      0.87       124
        1012       0.86      0.94      0.90        70
        1013       0.00      0.00      0.00         3
        1014       0.66      0.66      0.66        29
        1015       0.86      0.67      0.75         9
        1016       0.67      0.25      0.36         8
        1017       0.40      0.40      0.40         5
        1018       0.50      0.14      0.22         7
        1019       0.00      0.00      0.00         1
        1020       1.00      0.94      0.97        50
        1021       0.80      1.00      0.89         4
        1022       0.60      0.30      0.40        10
        1023       0.61      0.54      0.57       129
        1024       0.80      0.31      0.44        13
        1025       0.71      1.00      0.83         5
        1026       1.00      0.86      0.92         7
        1027       0.00      0.00      0.00         2
        1028       0.33      0.31      0.32        74
        1029       0.00      0.00      0.00         1
        1030       0.00      0.00      0.00         1
        1031       0.70      0.47      0.56        15
        1032       0.83      0.92      0.87        26
        1033       1.00      0.44      0.62         9
        1034       0.00      0.00      0.00         3
        1035       0.62      0.51      0.56        67
        1036       0.53      0.57      0.55       192
        1037       0.67      0.66      0.67       100
        1038       0.50      0.50      0.50         4
        1039       1.00      0.50      0.67         2
        1040       1.00      1.00      1.00         1
        1041       0.54      0.62      0.58        24
        1042       0.25      0.33      0.29         3
        1043       0.43      0.45      0.44       161
        1044       1.00      0.50      0.67         2
        1045       0.00      0.00      0.00         1
        1046       0.00      0.00      0.00         4
        1047       1.00      1.00      1.00         1
        1048       1.00      0.50      0.67         2
        1049       0.83      0.83      0.83         6
        1050       0.00      0.00      0.00         1
        1051       0.00      0.00      0.00         1
        1052       1.00      0.67      0.80         3
        1053       1.00      0.60      0.75         5
        1054       1.00      0.75      0.86         4
        1055       0.00      0.00      0.00         1
        1056       0.00      0.00      0.00         1
        1057       0.50      0.33      0.40         3
        1058       0.00      0.00      0.00         0
        1059       0.83      0.87      0.85       754
        1060       0.91      0.93      0.92        72
        1061       0.50      0.50      0.50         4
        1062       0.65      0.65      0.65        20
        1063       0.75      0.86      0.80        14
        1064       0.00      0.00      0.00         1
        1065       0.00      0.00      0.00         0
        1066       0.88      0.88      0.88         8
        1067       0.62      0.57      0.60        35
        1068       0.71      1.00      0.83         5
        1069       0.00      0.00      0.00         4
        1070       0.00      0.00      0.00         1
        1071       0.50      0.50      0.50         2
        1072       0.83      1.00      0.91        10
        1073       0.78      0.88      0.82        16
        1074       0.00      0.00      0.00         3
        1075       0.00      0.00      0.00         2
        1076       0.44      0.33      0.38        12
        1077       0.00      0.00      0.00         1
        1078       1.00      0.67      0.80         3
        1079       0.67      0.67      0.67         3
        1080       1.00      1.00      1.00         1
        1081       0.67      0.50      0.57         8
        1082       0.54      0.62      0.58        24
        1083       1.00      0.67      0.80         3
        1084       1.00      0.79      0.88        19
        1085       0.64      0.59      0.61        58
        1086       0.73      0.57      0.64        14
        1087       0.56      0.30      0.39        60
        1088       0.93      0.99      0.96       149
        1089       0.96      0.71      0.81        34
        1090       1.00      0.50      0.67         2
        1091       0.94      0.81      0.87        36
        1092       0.17      0.50      0.25         2
        1093       0.52      0.72      0.60        18
        1094       0.84      0.80      0.82        20
        1095       0.88      0.85      0.87       124
        1096       0.00      0.00      0.00         0
        1097       1.00      0.67      0.80         3
        1098       1.00      1.00      1.00         2
        1099       0.00      0.00      0.00         1
        1100       0.00      0.00      0.00         0
        1101       1.00      1.00      1.00         1
        1102       0.43      0.60      0.50         5
        1103       0.76      0.56      0.64        50
        1104       0.33      1.00      0.50         1
        1105       0.56      0.71      0.63         7
        1106       1.00      1.00      1.00         1
        1107       0.74      0.76      0.75        46
        1108       1.00      1.00      1.00         2
        1109       0.65      0.65      0.65        48
        1110       1.00      0.50      0.67         2
        1111       0.67      0.44      0.53         9
        1112       0.54      0.49      0.51        55
        1113       0.00      0.00      0.00         2
        1114       0.25      0.17      0.20         6
        1115       0.81      0.81      0.81        16
        1116       0.00      0.00      0.00         2
        1117       0.56      0.28      0.37        18
        1118       0.00      0.00      0.00         3
        1119       0.72      0.77      0.75       106
        1120       0.62      0.31      0.41        26
        1121       0.25      1.00      0.40         1
        1122       1.00      0.60      0.75        10
        1123       0.00      0.00      0.00         2
        1124       0.37      0.44      0.40        80
        1125       0.00      0.00      0.00         1
        1126       0.44      0.46      0.45       634
        1127       0.78      0.76      0.77        62
        1128       0.50      0.50      0.50         2
        1129       1.00      1.00      1.00         1
        1130       1.00      1.00      1.00        21

    accuracy                           0.74     53118
   macro avg       0.60      0.55      0.56     53118
weighted avg       0.74      0.74      0.74     53118

