tfidf Evaluation 
LinearSVM Classification report: 
              precision    recall  f1-score   support

           0       0.00      0.00      0.00         1
           1       0.00      0.00      0.00         6
           2       0.00      0.00      0.00         1
           3       1.00      1.00      1.00         1
           4       0.00      0.00      0.00         0
           5       0.80      0.44      0.57         9
           6       0.00      0.00      0.00         0
           7       0.00      0.00      0.00         1
           8       0.00      0.00      0.00         1
           9       1.00      0.50      0.67         2
          10       0.67      1.00      0.80         2
          11       0.00      0.00      0.00         1
          12       0.00      0.00      0.00         1
          13       0.50      0.50      0.50         2
          14       0.00      0.00      0.00         0
          15       0.00      0.00      0.00         1
          16       0.00      0.00      0.00         1
          17       0.00      0.00      0.00         3
          18       1.00      1.00      1.00         1
          19       0.50      0.38      0.43        40
          20       1.00      0.67      0.80         9
          21       0.00      0.00      0.00         1
          22       0.00      0.00      0.00         1
          23       0.00      0.00      0.00         1
          24       1.00      1.00      1.00         1
          25       0.00      0.00      0.00         1
          26       0.00      0.00      0.00         2
          27       0.00      0.00      0.00         1
          28       0.00      0.00      0.00         2
          29       1.00      1.00      1.00         1
          30       0.00      0.00      0.00         2
          31       0.00      0.00      0.00         2
          32       0.00      0.00      0.00         4
          33       1.00      1.00      1.00         2
          34       0.00      0.00      0.00         1
          35       1.00      0.50      0.67         2
          36       0.00      0.00      0.00         0
          37       1.00      0.33      0.50         3
          38       1.00      0.75      0.86         4
          39       0.00      0.00      0.00         0
          40       0.00      0.00      0.00         1
          41       1.00      1.00      1.00         1
          42       0.00      0.00      0.00         1
          43       0.00      0.00      0.00         3
          44       0.00      0.00      0.00         0
          45       0.00      0.00      0.00         2
          46       0.00      0.00      0.00         1
          47       0.00      0.00      0.00         1
          48       0.50      0.33      0.40         3
          49       1.00      0.67      0.80         3
          50       1.00      1.00      1.00         1
          51       0.00      0.00      0.00         1
          52       0.00      0.00      0.00         1
          53       0.00      0.00      0.00         1
          54       0.00      0.00      0.00         1
          55       0.00      0.00      0.00         1
          56       1.00      1.00      1.00         1
          57       0.00      0.00      0.00         1
          58       0.00      0.00      0.00         1
          59       0.00      0.00      0.00         1
          60       0.00      0.00      0.00         0
          61       1.00      0.25      0.40         4
          62       0.00      0.00      0.00         0
          63       1.00      1.00      1.00         1
          64       0.50      0.33      0.40         3
          65       0.00      0.00      0.00         4
          66       0.33      0.14      0.20         7
          67       0.00      0.00      0.00         2
          68       1.00      0.50      0.67         6
          69       0.00      0.00      0.00         1
          70       0.00      0.00      0.00         1
          71       1.00      1.00      1.00         1
          72       0.00      0.00      0.00         1
          73       0.00      0.00      0.00         1
          74       0.00      0.00      0.00         1
          75       0.00      0.00      0.00         1
          76       0.00      0.00      0.00         2
          77       0.00      0.00      0.00         1
          78       1.00      0.50      0.67         2
          79       0.00      0.00      0.00         2
          80       0.00      0.00      0.00         1
          81       1.00      0.40      0.57         5
          82       0.00      0.00      0.00         1
          83       0.00      0.00      0.00         1
          84       0.00      0.00      0.00         3
          85       0.00      0.00      0.00         1
          86       0.00      0.00      0.00         2
          87       0.00      0.00      0.00         2
          88       0.00      0.00      0.00         1
          89       0.00      0.00      0.00         1
          90       0.00      0.00      0.00         1
          91       0.00      0.00      0.00         1
          92       0.00      0.00      0.00         1
          93       0.00      0.00      0.00         1
          94       0.00      0.00      0.00         1
          95       1.00      0.50      0.67         2
          96       0.67      0.33      0.44         6
          97       0.00      0.00      0.00         1
          98       1.00      1.00      1.00         1
          99       1.00      0.25      0.40         4
         100       0.00      0.00      0.00         2
         101       1.00      0.50      0.67         8
         102       0.00      0.00      0.00         1
         103       0.00      0.00      0.00         1
         104       0.00      0.00      0.00         2
         105       0.00      0.00      0.00         1
         106       0.00      0.00      0.00         1
         107       0.00      0.00      0.00         0
         108       1.00      1.00      1.00         1
         109       0.00      0.00      0.00         1
         110       0.00      0.00      0.00         0
         111       0.00      0.00      0.00         2
         112       1.00      1.00      1.00         8
         113       0.00      0.00      0.00         1
         114       0.00      0.00      0.00         1
         115       0.80      0.44      0.57         9
         116       0.50      0.33      0.40         3
         117       1.00      0.20      0.33         5
         118       1.00      0.33      0.50         3
         119       0.00      0.00      0.00         1
         120       0.00      0.00      0.00         2
         121       0.00      0.00      0.00         1
         122       0.00      0.00      0.00         2
         123       0.00      0.00      0.00         1
         124       0.75      0.33      0.46         9
         125       0.00      0.00      0.00         1
         126       0.00      0.00      0.00         1
         127       1.00      1.00      1.00         1
         128       1.00      0.40      0.57         5
         129       1.00      1.00      1.00         6
         130       1.00      0.25      0.40         4
         131       0.00      0.00      0.00         1
         132       0.00      0.00      0.00         1
         133       0.00      0.00      0.00         1

   micro avg       0.67      0.31      0.43       305
   macro avg       0.29      0.20      0.23       305
weighted avg       0.50      0.31      0.37       305
 samples avg       0.31      0.31      0.31       305

