tfidf Evaluation 
LinearSVM Classification report: 
              precision    recall  f1-score   support

           0       0.00      0.00      0.00        19
           1       0.00      0.00      0.00         2
           2       0.00      0.00      0.00         2
           3       0.75      0.38      0.50         8
           4       0.00      0.00      0.00         1
           5       0.00      0.00      0.00         1
           6       0.00      0.00      0.00         3
           7       0.00      0.00      0.00         1
           8       0.00      0.00      0.00         1
           9       0.71      1.00      0.83         5
          10       0.00      0.00      0.00         5
          11       0.57      0.57      0.57         7
          12       0.00      0.00      0.00         4
          13       0.00      0.00      0.00         1
          14       0.00      0.00      0.00         1
          15       0.00      0.00      0.00         1
          16       0.00      0.00      0.00         1
          17       0.00      0.00      0.00         8
          18       1.00      0.08      0.15        12
          19       0.00      0.00      0.00         2
          20       0.00      0.00      0.00         1
          21       0.00      0.00      0.00         1
          22       0.00      0.00      0.00         2
          23       0.00      0.00      0.00         2
          24       0.00      0.00      0.00         1
          25       0.00      0.00      0.00         1
          26       0.00      0.00      0.00         9
          27       0.00      0.00      0.00         4
          28       1.00      0.20      0.33         5
          29       0.00      0.00      0.00         2
          30       0.00      0.00      0.00         1
          31       0.00      0.00      0.00         5
          32       0.00      0.00      0.00         1
          33       0.00      0.00      0.00         1
          34       0.00      0.00      0.00         1
          35       1.00      0.50      0.67         2
          36       0.00      0.00      0.00         1
          37       0.00      0.00      0.00         1
          38       0.00      0.00      0.00         1
          39       1.00      0.50      0.67         2
          40       0.00      0.00      0.00         1
          41       1.00      1.00      1.00         1
          42       0.85      0.72      0.78        39
          43       0.00      0.00      0.00        18
          44       0.00      0.00      0.00         1
          45       0.50      0.50      0.50         2
          46       0.00      0.00      0.00         6
          47       0.47      0.83      0.60        30
          48       0.00      0.00      0.00         1
          49       0.00      0.00      0.00         4
          50       0.00      0.00      0.00         2
          51       1.00      1.00      1.00         1
          52       1.00      1.00      1.00         1
          53       0.00      0.00      0.00         5
          54       0.00      0.00      0.00         2
          55       1.00      0.50      0.67        10
          56       0.00      0.00      0.00         6
          57       0.00      0.00      0.00         2
          58       0.00      0.00      0.00         1
          59       0.00      0.00      0.00         3
          60       0.74      0.70      0.72        20
          61       0.00      0.00      0.00         1
          62       0.00      0.00      0.00         2
          63       0.00      0.00      0.00         1
          64       0.00      0.00      0.00         4
          65       1.00      1.00      1.00         2
          66       1.00      0.61      0.76        18
          67       0.00      0.00      0.00         0
          68       0.00      0.00      0.00         1
          69       0.00      0.00      0.00         1
          70       0.00      0.00      0.00         4
          71       0.00      0.00      0.00         8
          72       0.00      0.00      0.00         2
          73       0.00      0.00      0.00         3
          74       0.00      0.00      0.00         3
          75       0.00      0.00      0.00         1
          76       1.00      0.25      0.40         4
          77       0.00      0.00      0.00         3
          78       1.00      0.67      0.80         3
          79       0.00      0.00      0.00         0
          80       0.00      0.00      0.00         1
          81       1.00      1.00      1.00         1
          82       1.00      1.00      1.00         1
          83       0.00      0.00      0.00         3
          84       0.00      0.00      0.00         1
          85       1.00      1.00      1.00         1
          86       0.00      0.00      0.00         3
          87       1.00      1.00      1.00         1
          88       0.00      0.00      0.00         2
          89       0.00      0.00      0.00         1
          90       0.00      0.00      0.00         2
          91       0.00      0.00      0.00         1
          92       1.00      1.00      1.00         1
          93       1.00      0.17      0.29         6
          94       0.00      0.00      0.00         1
          95       1.00      1.00      1.00         2
          96       0.00      0.00      0.00         2
          97       1.00      0.50      0.67         4
          98       0.00      0.00      0.00         2
          99       0.00      0.00      0.00         0
         100       0.00      0.00      0.00         0
         101       0.00      0.00      0.00         4
         102       0.00      0.00      0.00         4
         103       0.00      0.00      0.00         1
         104       0.00      0.00      0.00         2
         105       1.00      0.50      0.67         2
         106       0.00      0.00      0.00         1
         107       0.00      0.00      0.00         2
         108       1.00      1.00      1.00         2
         109       0.00      0.00      0.00         1
         110       0.00      0.00      0.00         1
         111       0.00      0.00      0.00         1
         112       0.00      0.00      0.00         2
         113       0.50      1.00      0.67         1
         114       0.00      0.00      0.00         1
         115       1.00      0.50      0.67         4
         116       0.00      0.00      0.00         1
         117       0.00      0.00      0.00         1
         118       0.00      0.00      0.00         1
         119       0.00      0.00      0.00         6
         120       0.00      0.00      0.00         2
         121       0.00      0.00      0.00         3
         122       0.00      0.00      0.00         1
         123       0.00      0.00      0.00         1
         124       0.00      0.00      0.00         4
         125       0.00      0.00      0.00         1
         126       0.00      0.00      0.00         1
         127       0.00      0.00      0.00         1
         128       1.00      1.00      1.00         2
         129       0.00      0.00      0.00         6
         130       0.00      0.00      0.00         2
         131       0.00      0.00      0.00         1
         132       0.00      0.00      0.00         1
         133       0.00      0.00      0.00         4
         134       0.00      0.00      0.00         2
         135       0.00      0.00      0.00         3
         136       1.00      0.50      0.67         2
         137       0.00      0.00      0.00         1
         138       0.00      0.00      0.00         7
         139       0.52      0.41      0.46        41
         140       0.00      0.00      0.00         1
         141       0.00      0.00      0.00         1
         142       0.50      1.00      0.67         1
         143       0.00      0.00      0.00         1
         144       0.00      0.00      0.00         1
         145       0.00      0.00      0.00         2
         146       0.00      0.00      0.00         1
         147       0.83      0.83      0.83        12
         148       0.00      0.00      0.00         3
         149       0.00      0.00      0.00         6
         150       0.00      0.00      0.00         2
         151       0.00      0.00      0.00         6
         152       0.00      0.00      0.00         5
         153       0.00      0.00      0.00         1
         154       0.00      0.00      0.00         1
         155       0.00      0.00      0.00         1
         156       0.00      0.00      0.00         1
         157       1.00      1.00      1.00         1
         158       0.00      0.00      0.00         1
         159       0.00      0.00      0.00         1
         160       1.00      1.00      1.00         1
         161       0.00      0.00      0.00        26
         162       0.00      0.00      0.00         1
         163       0.00      0.00      0.00         3
         164       0.00      0.00      0.00         4
         165       0.00      0.00      0.00         0
         166       0.00      0.00      0.00         9
         167       0.00      0.00      0.00         1
         168       0.00      0.00      0.00         4
         169       0.00      0.00      0.00         1
         170       0.00      0.00      0.00         3
         171       0.00      0.00      0.00         1
         172       0.00      0.00      0.00         1
         173       0.00      0.00      0.00         1
         174       0.00      0.00      0.00         2
         175       0.00      0.00      0.00         1
         176       0.00      0.00      0.00         1
         177       1.00      0.40      0.57        10
         178       1.00      1.00      1.00         1
         179       0.00      0.00      0.00         4
         180       1.00      1.00      1.00         2
         181       1.00      0.25      0.40         4
         182       0.00      0.00      0.00         0
         183       0.00      0.00      0.00         1
         184       0.00      0.00      0.00         1
         185       1.00      0.75      0.86         8
         186       0.00      0.00      0.00         1
         187       1.00      1.00      1.00         1
         188       0.00      0.00      0.00         1
         189       0.00      0.00      0.00         1
         190       0.00      0.00      0.00         3
         191       0.00      0.00      0.00         1
         192       0.00      0.00      0.00         1
         193       0.00      0.00      0.00         7
         194       0.00      0.00      0.00         1
         195       0.00      0.00      0.00         2
         196       0.00      0.00      0.00         1
         197       0.00      0.00      0.00         1
         198       0.00      0.00      0.00         4
         199       0.00      0.00      0.00         4
         200       0.00      0.00      0.00         1
         201       1.00      0.50      0.67         2
         202       0.00      0.00      0.00         5
         203       0.00      0.00      0.00         1
         204       0.00      0.00      0.00        27
         205       0.00      0.00      0.00        17
         206       0.00      0.00      0.00         4
         207       0.00      0.00      0.00         2
         208       0.00      0.00      0.00         1
         209       0.00      0.00      0.00         2
         210       0.00      0.00      0.00         1
         211       0.00      0.00      0.00         3
         212       0.00      0.00      0.00         1
         213       0.00      0.00      0.00         2
         214       0.00      0.00      0.00         1
         215       0.00      0.00      0.00         1
         216       0.00      0.00      0.00         1
         217       0.00      0.00      0.00         1
         218       0.00      0.00      0.00        27
         219       0.00      0.00      0.00         1
         220       0.00      0.00      0.00         1
         221       0.00      0.00      0.00         1
         222       0.00      0.00      0.00         4
         223       0.00      0.00      0.00         1
         224       0.00      0.00      0.00         0
         225       0.00      0.00      0.00         3
         226       0.00      0.00      0.00         1
         227       0.00      0.00      0.00         2
         228       0.00      0.00      0.00         1
         229       0.00      0.00      0.00         1
         230       0.00      0.00      0.00         1
         231       1.00      1.00      1.00         1
         232       0.00      0.00      0.00         1
         233       0.00      0.00      0.00         1
         234       1.00      1.00      1.00         1
         235       0.00      0.00      0.00         2
         236       0.00      0.00      0.00         1
         237       0.00      0.00      0.00         3
         238       0.00      0.00      0.00         1
         239       0.00      0.00      0.00         1
         240       0.00      0.00      0.00         1
         241       1.00      0.73      0.84        22
         242       0.64      0.88      0.74         8
         243       0.83      0.56      0.67         9
         244       1.00      1.00      1.00         1
         245       0.00      0.00      0.00         4
         246       0.00      0.00      0.00         1
         247       0.00      0.00      0.00         2
         248       0.00      0.00      0.00         3
         249       0.00      0.00      0.00         1
         250       0.00      0.00      0.00        18
         251       1.00      0.25      0.40         4
         252       0.00      0.00      0.00         1
         253       0.00      0.00      0.00         1
         254       0.00      0.00      0.00         1
         255       1.00      1.00      1.00         1
         256       0.00      0.00      0.00        13
         257       1.00      0.31      0.47        13
         258       1.00      1.00      1.00         3
         259       0.00      0.00      0.00         1
         260       0.00      0.00      0.00         2
         261       0.00      0.00      0.00         2
         262       0.00      0.00      0.00         1
         263       0.00      0.00      0.00         6
         264       0.00      0.00      0.00         2
         265       0.00      0.00      0.00         4
         266       0.00      0.00      0.00         3
         267       0.00      0.00      0.00         1
         268       0.00      0.00      0.00         2
         269       0.00      0.00      0.00         1
         270       0.00      0.00      0.00         1
         271       0.00      0.00      0.00         1
         272       0.00      0.00      0.00         1
         273       1.00      1.00      1.00         3
         274       0.50      1.00      0.67         1
         275       0.00      0.00      0.00         1
         276       1.00      1.00      1.00         1
         277       0.00      0.00      0.00         1
         278       1.00      0.50      0.67         2
         279       0.00      0.00      0.00         4
         280       0.00      0.00      0.00         1
         281       1.00      0.60      0.75         5
         282       1.00      1.00      1.00         1
         283       0.00      0.00      0.00         1
         284       0.00      0.00      0.00         1
         285       0.00      0.00      0.00         2
         286       0.00      0.00      0.00         8
         287       0.00      0.00      0.00         1
         288       0.00      0.00      0.00         5
         289       0.00      0.00      0.00        14
         290       0.00      0.00      0.00         4
         291       0.00      0.00      0.00         1
         292       0.00      0.00      0.00         3
         293       0.00      0.00      0.00         1
         294       0.75      1.00      0.86         3
         295       0.00      0.00      0.00         3
         296       0.00      0.00      0.00         1
         297       0.00      0.00      0.00         1
         298       0.00      0.00      0.00         1
         299       0.00      0.00      0.00         1
         300       0.00      0.00      0.00         1
         301       0.00      0.00      0.00         2
         302       0.00      0.00      0.00         1
         303       1.00      0.33      0.50         3
         304       1.00      1.00      1.00         1
         305       0.50      1.00      0.67         1
         306       0.00      0.00      0.00         6
         307       0.00      0.00      0.00         1
         308       0.00      0.00      0.00         1
         309       0.00      0.00      0.00         1
         310       0.00      0.00      0.00         1
         311       0.00      0.00      0.00         2
         312       0.00      0.00      0.00         2
         313       0.00      0.00      0.00         1
         314       0.00      0.00      0.00         0
         315       0.00      0.00      0.00         1
         316       0.00      0.00      0.00         1
         317       1.00      1.00      1.00         1
         318       0.00      0.00      0.00         3
         319       0.00      0.00      0.00         3

   micro avg       0.71      0.22      0.34      1043
   macro avg       0.19      0.15      0.16      1043
weighted avg       0.29      0.22      0.24      1043
 samples avg       0.43      0.23      0.28      1043

